14 13 0 16 3
1 -0.244068 1.073892 4.708018 0.500000 0.527997 0.0 0.0 0.0 34.869748 2.391524
2 -0.179559 1.455613 1.077088 0.500000 0.267380 0.0 0.0 0.0 5.682997 0.099551
3 -0.258472 1.198513 4.601219 0.436000 0.321652 0.0 0.0 0.0 1.964493 0.021073
4 -0.176146 1.040814 0.012506 0.430000 0.232740 0.0 0.0 0.0 1.122567 0.005583
5 -0.239808 1.197694 4.734544 0.436000 0.321624 0.0 0.0 0.0 1.964493 0.021070
6 -0.137396 1.057865 0.267945 0.430000 0.238058 0.0 0.0 0.0 1.122567 0.005841
7 -0.165879 0.668256 5.225343 0.433000 0.373401 0.0 0.0 0.0 7.016046 0.102058
8 -0.021704 0.296449 4.887184 0.433000 0.395732 0.0 0.0 0.0 3.262461 0.046597
9 0.067298 0.067522 6.074644 0.500000 0.103156 0.0 0.0 0.0 1.017327 0.002443
10 0.144594 0.071246 0.416140 0.500000 0.067186 0.0 0.0 0.0 0.420963 0.000429
11 -0.268572 0.651882 4.564993 0.433000 0.367140 0.0 0.0 0.0 7.016046 0.098664
12 -0.339590 0.295491 4.461953 0.433000 0.402061 0.0 0.0 0.0 3.262461 0.048100
13 -0.351138 0.047757 5.854451 0.500000 0.102031 0.0 0.0 0.0 1.017327 0.002390
14 -0.272202 0.028699 0.028441 0.500000 0.070146 0.0 0.0 0.0 0.420963 0.000467
1 1 2 -0.263998 0.000000 -0.133690 0.000000
2 1 3 -0.263998 0.000000 -0.140240 0.000000
3 3 4 0.181412 0.000000 -0.100078 0.000000
4 1 5 -0.263998 0.000000 -0.140228 0.000000
5 5 6 0.181396 0.000000 -0.102365 0.000000
6 1 7 0.263998 0.000000 -0.161683 0.000000
7 7 8 0.211718 0.000000 -0.171352 0.000000
8 8 9 0.224380 0.000000 -0.051578 0.000000
9 9 10 0.051578 0.000000 -0.033593 0.000000
10 1 11 0.263998 0.000000 -0.158971 0.000000
11 11 12 0.208168 0.000000 -0.174092 0.000000
12 12 13 0.227968 0.000000 -0.051016 0.000000
13 13 14 0.051016 0.000000 -0.035073 0.000000
1 3 1 0 2 0 1
2 3 1 0 3 0 2
3 3 3 0 4 0 3
4 3 1 0 5 0 4
5 3 5 0 6 0 5
6 3 1 0 7 0 6
7 3 7 0 8 0 7
8 3 8 0 9 0 8
9 3 9 0 10 0 9
10 3 1 0 11 0 10
11 3 11 0 12 0 11
12 3 12 0 13 0 12
13 3 13 0 14 0 13
14 1 1 1 0 0 14
15 1 1 2 0 0 15
16 1 1 3 0 0 16
1 13 14 0.051016 0.000000 -0.035073 0.000000 1
2 9 10 0.051578 0.000000 -0.033593 0.000000 2
3 13 14 0.051016 0.000000 -0.035073 0.000000 3
0.000000 0.010000 1.340000 70.160459
