14 13 0 16 3
1 0.542561 0.541472 3.106497 0.500000 0.527997 0.0 0.0 0.0 34.869748 2.391524
2 0.937173 0.504449 6.074026 0.500000 0.267380 0.0 0.0 0.0 5.682997 0.099551
3 0.780209 0.394435 4.524552 0.436000 0.321652 0.0 0.0 0.0 1.964493 0.021073
4 0.750443 0.166780 4.657522 0.430000 0.232740 0.0 0.0 0.0 1.122567 0.005583
5 0.778890 0.394705 4.514946 0.436000 0.321624 0.0 0.0 0.0 1.964493 0.021070
6 0.746614 0.158261 4.659371 0.430000 0.238058 0.0 0.0 0.0 1.122567 0.005841
7 0.233788 0.442290 3.854352 0.433000 0.373401 0.0 0.0 0.0 7.016046 0.102058
8 -0.146639 0.218606 3.371631 0.433000 0.395732 0.0 0.0 0.0 3.262461 0.046597
9 -0.369611 0.114539 4.736125 0.500000 0.103156 0.0 0.0 0.0 1.017327 0.002443
10 -0.342471 0.038892 5.590616 0.500000 0.067186 0.0 0.0 0.0 0.420963 0.000429
11 0.231141 0.449761 3.807887 0.433000 0.367140 0.0 0.0 0.0 7.016046 0.098664
12 -0.151636 0.223776 3.462538 0.433000 0.402061 0.0 0.0 0.0 3.262461 0.048100
13 -0.377370 0.096146 4.823946 0.500000 0.102031 0.0 0.0 0.0 1.017327 0.002390
14 -0.337030 0.028698 6.015508 0.500000 0.070146 0.0 0.0 0.0 0.420963 0.000467
1 1 2 -0.263998 0.000000 -0.133690 0.000000
2 1 3 -0.263998 0.000000 -0.140240 0.000000
3 3 4 0.181412 0.000000 -0.100078 0.000000
4 1 5 -0.263998 0.000000 -0.140228 0.000000
5 5 6 0.181396 0.000000 -0.102365 0.000000
6 1 7 0.263998 0.000000 -0.161683 0.000000
7 7 8 0.211718 0.000000 -0.171352 0.000000
8 8 9 0.224380 0.000000 -0.051578 0.000000
9 9 10 0.051578 0.000000 -0.033593 0.000000
10 1 11 0.263998 0.000000 -0.158971 0.000000
11 11 12 0.208168 0.000000 -0.174092 0.000000
12 12 13 0.227968 0.000000 -0.051016 0.000000
13 13 14 0.051016 0.000000 -0.035073 0.000000
1 3 1 0 2 0 1
2 3 1 0 3 0 2
3 3 3 0 4 0 3
4 3 1 0 5 0 4
5 3 5 0 6 0 5
6 3 1 0 7 0 6
7 3 7 0 8 0 7
8 3 8 0 9 0 8
9 3 9 0 10 0 9
10 3 1 0 11 0 10
11 3 11 0 12 0 11
12 3 12 0 13 0 12
13 3 13 0 14 0 13
14 1 1 1 0 0 14
15 1 1 2 0 0 15
16 1 1 3 0 0 16
1 13 14 0.051016 0.000000 -0.035073 0.000000 1
2 9 10 0.051578 0.000000 -0.033593 0.000000 2
3 13 14 0.051016 0.000000 -0.035073 0.000000 3
0.000000 0.010000 5.490000 70.160459
