0 -3.630930329265469
0.01 -3.630760258389319
0.02 -3.630827089322561
0.03 -3.63114737944688
0.04 -3.631673612053647
0.05 -3.632305429279247
0.06 -3.632894376079776
0.07000000000000001 -3.633269057762029
0.08 -3.633270386017106
0.09 -3.632782405980628
0.1 -3.631778962054474
0.11 -3.630354485959551
0.12 -3.628697803965376
0.13 -3.62703930682768
0.14 -3.625597155487735
0.15 -3.624515082125972
0.16 -3.623826953678425
0.17 -3.623494930180645
0.18 -3.623454133903657
0.19 -3.623576684237547
0.2 -3.623630862117795
0.21 -3.623332467703873
0.22 -3.622451603447788
0.23 -3.620888339432343
0.24 -3.618665360414993
0.25 -3.61586874090773
0.26 -3.612614222509329
0.27 -3.609056954564621
0.28 -3.605394029990958
0.29 -3.601831673017557
0.3 -3.598561135426301
0.31 -3.595775864868501
0.32 -3.593683672308152
0.33 -3.592461257083943
0.34 -3.592177072343802
0.35 -3.592751328688756
0.36 -3.593984864923438
0.37 -3.595632126673264
0.38 -3.597457735120948
0.39 -3.599240866217607
0.4 -3.600778753845924
0.41 -3.601936296491098
0.42 -3.602674919840209
0.43 -3.603017378662972
0.44 -3.603008854885264
0.45 -3.60270316923294
0.46 -3.602152291198635
0.47 -3.601403682017457
0.48 -3.600525110038089
0.49 -3.599623379590088
0.5 -3.598803983916449
0.51 -3.598114132039097
0.52 -3.597541323302933
0.53 -3.597059341154833
0.54 -3.596669842918574
0.55 -3.596395281603678
0.5600000000000001 -3.596253991114634
0.5700000000000001 -3.596269287241014
0.58 -3.59647183766446
0.59 -3.596862490621643
0.6 -3.597378202809648
0.61 -3.597901681371825
0.62 -3.59830010184868
0.63 -3.598450482445712
0.64 -3.598247425382283
0.65 -3.597608709014289
0.66 -3.596479199614761
0.67 -3.594830353531383
0.68 -3.592663875176896
0.6900000000000001 -3.59002656949662
0.7000000000000001 -3.587021034374842
0.7100000000000001 -3.583808118649766
0.7200000000000001 -3.580596414115353
0.7300000000000001 -3.577597565297943
0.7400000000000001 -3.574982533951737
0.7500000000000001 -3.572881705739255
0.7600000000000001 -3.571375026952678
0.77 -3.570432422974527
0.78 -3.569879076272769
0.79 -3.569441930083657
0.8 -3.568847525661351
0.8100000000000001 -3.56793652585036
0.8200000000000001 -3.566737325239328
0.8300000000000001 -3.565427133158232
0.8400000000000001 -3.564222001097922
0.8500000000000001 -3.563304259920963
0.8600000000000001 -3.5628144564211
0.8700000000000001 -3.562857831019663
0.8800000000000001 -3.563480309626633
0.8900000000000001 -3.564642885781671
0.9000000000000001 -3.566250544545929
0.9100000000000001 -3.568206998285802
0.9200000000000002 -3.570436909818311
0.93 -3.572868288577476
0.9400000000000001 -3.575381276908576
0.9500000000000001 -3.577755905077184
0.9600000000000001 -3.579697546920507
0.9700000000000001 -3.580950404704187
0.9800000000000001 -3.581393985333153
0.99 -3.581050300075925
1 -3.580039058414735
1.01 -3.578529227699652
1.02 -3.576689498721484
1.03 -3.574658812934724
1.04 -3.572559586298789
1.05 -3.570512095752755
1.06 -3.568625930236383
1.07 -3.566992857767231
1.08 -3.565674655714184
1.09 -3.564679204909858
1.1 -3.563964982120298
1.11 -3.563478289964489
1.12 -3.563179594133019
1.13 -3.563058620881511
1.14 -3.563145290264053
1.15 -3.563489530144509
1.16 -3.564107768159152
1.17 -3.564929687417509
1.18 -3.56579078934128
1.19 -3.566488673323406
1.2 -3.566860047655037
1.21 -3.566830200585337
1.22 -3.566417804195381
1.23 -3.565688749707349
1.24 -3.56469788760022
1.25 -3.563482028140773
1.26 -3.562094885918052
1.27 -3.560609631684153
1.28 -3.55906277285175
1.29 -3.557417899398647
1.3 -3.555606225236654
1.31 -3.553573283333181
1.32 -3.551269353588915
1.33 -3.548631254690147
1.34 -3.545609682183142
