0 -0.1030402448247987
0.01 -0.1191923852679277
0.02 -0.1353057941722984
0.03 -0.1507560298484947
0.04 -0.1651587378068484
0.05 -0.1783735082225375
0.06 -0.1904566655191733
0.07000000000000001 -0.201631296302633
0.08 -0.2122563907385802
0.09 -0.2227705995817759
0.1 -0.2336393770787346
0.11 -0.2453393870695271
0.12 -0.258375325682767
0.13 -0.2732982800777748
0.14 -0.2907104168909367
0.15 -0.3112520441291702
0.16 -0.3355708514925615
0.17 -0.3642686085328464
0.18 -0.3978114994282302
0.19 -0.4364403882847956
0.2 -0.4801304429573729
0.21 -0.5285888202213833
0.22 -0.5812681365623122
0.23 -0.6373812438405815
0.24 -0.6958993390855794
0.25 -0.7555422841375341
0.26 -0.8148019529136454
0.27 -0.8720415816899174
0.28 -0.9256838173287196
0.29 -0.9744391607244376
0.3 -1.017467939879475
0.31 -1.054399131308254
0.32 -1.085227036388511
0.33 -1.110164412023075
0.34 -1.129522420370003
0.35 -1.143639188939002
0.36 -1.152830622833496
0.37 -1.157330202927141
0.38 -1.157231901564161
0.39 -1.152491565074194
0.4 -1.142997940781316
0.41 -1.128659672812689
0.42 -1.10945441684903
0.43 -1.085416557420006
0.44 -1.056595737323081
0.45 -1.023063405049786
0.46 -0.9849892455619376
0.47 -0.9427025572289267
0.48 -0.896663546881161
0.49 -0.8474078753074599
0.5 -0.7955100765034979
0.51 -0.7415258314628819
0.52 -0.6859847410377382
0.53 -0.629470902514802
0.54 -0.5726594082495486
0.55 -0.5162769774826028
0.5600000000000001 -0.4610786045473949
0.5700000000000001 -0.4078950311442018
0.58 -0.3577996834572605
0.59 -0.3122686879917804
0.6 -0.2729610990772917
0.61 -0.2411353334427133
0.62 -0.2172699338477164
0.63 -0.2011657209296622
0.64 -0.1922386197978669
0.65 -0.1896709968727519
0.66 -0.1924206749503172
0.67 -0.1992960452374239
0.68 -0.2091277528110416
0.6900000000000001 -0.2208713179111781
0.7000000000000001 -0.2335877316874839
0.7100000000000001 -0.246461732864101
0.7200000000000001 -0.258964367245655
0.7300000000000001 -0.2709796643176752
0.7400000000000001 -0.2826932179533044
0.7500000000000001 -0.294340346540805
0.7600000000000001 -0.3060540729859023
0.77 -0.3178898352077457
0.78 -0.3298940716323475
0.79 -0.3419737525038986
0.8 -0.3535619645265333
0.8100000000000001 -0.3635700492719325
0.8200000000000001 -0.3708349592946609
0.8300000000000001 -0.3745329253093486
0.8400000000000001 -0.3742456669290313
0.8500000000000001 -0.3699392465919908
0.8600000000000001 -0.3620192098200707
0.8700000000000001 -0.3513178986091097
0.8800000000000001 -0.3389034874392376
0.8900000000000001 -0.325809194842388
0.9000000000000001 -0.3128140963485695
0.9100000000000001 -0.3003310045272203
0.9200000000000002 -0.2884210225546502
0.93 -0.2768829973376663
0.9400000000000001 -0.2653611199053101
0.9500000000000001 -0.2534914793175709
0.9600000000000001 -0.241068407300661
0.9700000000000001 -0.2281259864399177
0.9800000000000001 -0.2148932859894792
0.99 -0.201692792435419
1 -0.1888609708224305
1.01 -0.1767512647433396
1.02 -0.1658049319316985
1.03 -0.1565516356309482
1.04 -0.1494687947625675
1.05 -0.1448176396660195
1.06 -0.1426084648552193
1.07 -0.1426764562636311
1.08 -0.1447294083889981
1.09 -0.1483725979857171
1.1 -0.1531818470786703
1.11 -0.1587633049602708
1.12 -0.1647379500627615
1.13 -0.1707084495707782
1.14 -0.176303029219496
1.15 -0.1812762369831518
1.16 -0.1855704144733252
1.17 -0.1893408011200783
1.18 -0.1929877867870609
1.19 -0.1971394966627331
1.2 -0.2025486859699175
1.21 -0.2099777974243855
1.22 -0.2200670140212981
1.23 -0.2331778335330617
1.24 -0.2494048900516734
1.25 -0.2687980831467804
1.26 -0.2915239357729735
1.27 -0.3178476254467464
1.28 -0.3480432801857667
1.29 -0.3822521168162645
1.3 -0.4202786707495809
1.31 -0.4614036747639476
1.32 -0.5042526705385666
1.33 -0.5467709737813911
1.34 -0.5864347082769776
