0 0 0 0.22329628004905094363 0
0.010000000000000000208 0 0 0.22333935534983817561 0
0.020000000000000000416 0 0 0.22345839225831781727 0
0.02999999999999999889 0 0 0.22368363742480074086 0
0.040000000000000000833 0 0 0.22401894117783868743 0
0.050000000000000002776 0 0 0.22440169281057603667 0
0.05999999999999999778 0 0 0.22464920614620120798 0
0.070000000000000006661 0 0 0.22440732550315217741 0
0.080000000000000001665 0 0 0.22313800339541672857 0
0.089999999999999996669 0 0 0.22020940577585579323 0
0.10000000000000000555 0 0 0.21517549146740569399 0
0.11000000000000000056 -8.1209492853832845327 80.059404178799951524 0.20833184478705568665 0
0.11999999999999999556 -14.424117752421500072 114.02342926549485469 0.20116080213565654122 0
0.13000000000000000444 -22.381867052547438135 152.48491527343841767 0.19575631446052008111 0
0.14000000000000001332 -31.826434182968139197 194.24588326036547414 0.1935032450112020852 0
0.14999999999999999445 -42.366647264353019864 238.4410243684645252 0.19452443611139480506 0
0.16000000000000000333 -53.492526085398047542 284.53757901297933586 0.19813054242643982072 0
0.17000000000000001221 -64.707121618963157061 332.08799920767091862 0.20334277229248570729 0
0.17999999999999999334 -75.578406933353647901 380.57163673631959 0.20919574652952160898 0
0.19000000000000000222 -85.71229433376720408 429.3984587021299717 0.21493859179661170544 0
0.2000000000000000111 -94.732300499963059792 477.88493885625126723 0.22009779609762414321 0
0.20999999999999999223 -102.29263823089985408 525.12409626904388915 0.22442549263271127646 0
0.22000000000000000111 -108.09919950600156824 569.91699877908240524 0.22783597487650097957 0
0.23000000000000000999 -111.93867667273114819 610.88306855591224576 0.2303681542245063496 0
0.23999999999999999112 -113.71238983650572152 646.6997119537436447 0.23215540257398731283 0
0.25 -113.4513529845829396 676.34553625932244358 0.23338156474742025037 0
0.26000000000000000888 -111.30596576307374335 699.2330264712772987 0.23423045070475925766 0
0.27000000000000001776 -107.5197006368920114 715.20354005922740726 0.23485346205973700595 0
0.28000000000000002665 -102.39568281853610188 724.43216212370964513 0.23536577329640509526 0
0.28999999999999998002 -96.262973122977939511 727.30950543712435774 0.235861828069618501 0
0.2999999999999999889 -89.446608478754015437 724.35646945352880266 0.23642966187370939579 0
0.30999999999999999778 -82.243662663143183522 716.19559908968835771 0.23715125282728666267 0
0.32000000000000000666 -74.907161432082148167 703.56099475774442453 0.23809268527066504428 0
0.33000000000000001554 -67.638319332242801352 687.30918367712774852 0.23929437325916175228 0
0.34000000000000002442 -60.585625200967022863 668.40988287161678727 0.24076884761635977683 0
0.35000000000000003331 -53.848410098445881999 647.91720611723883394 0.24250760470267185287 0
0.35999999999999998668 -47.483331751049490776 626.92258220323469686 0.24449311018608360646 0
0.36999999999999999556 -41.51285446050212613 606.48930754810282906 0.2467078363436135402 0
0.38000000000000000444 -35.934347342498483613 587.58141315191596732 0.24913191005786214371 0
0.39000000000000001332 -30.729028372509358036 571.0046292276430222 0.25173159240344589183 0
0.4000000000000000222 -25.871384200394874853 557.36682600876099514 0.2544532851298408338 0
0.41000000000000003109 -21.338431714340345025 547.05805346520298826 0.25723248252761227173 0
0.41999999999999998446 -17.115907429010110974 540.2483278008896832 0.26001104860614815406 0
0.42999999999999999334 -13.19963929192479668 536.90044385946953298 0.26275304583087882859 0
0.44000000000000000222 -9.5929873993441425739 536.79649761650875917 0.26545577283286336812 0
0.4500000000000000111 -6.3019048300837727794 539.57723249565401602 0.26815383695970446132 0
0.46000000000000001998 -3.3291795285013270345 544.79200725473924649 0.27091523418644997134 0
0.47000000000000002887 -0.66939983299875627232 551.95551806926050631 0.27383181417438240413 0
0.47999999999999998224 1.6950370543891246644 560.60507088335486969 0.27700501168063840218 0
0.48999999999999999112 3.797588916525149294 570.35088010723450225 0.28052706666037141581 0
0.5 5.6908796271645316622 580.91200071731827848 0.28446202894139638317 0
0.51000000000000000888 7.4490827307214839692 592.13114001562382782 0.28883220689179855967 0
0.52000000000000001776 9.1697639200244260849 603.96530018574401311 0.29361156282930500616 0
0.53000000000000002665 10.975344099186083113 616.4537659197069388 0.29872408412430861979 0
0.54000000000000003553 13.012032162146006442 629.669192909685421 0.30404690659923216955 0
0.55000000000000004441 15.443081527450393864 643.66386630313684236 0.30942126374385658938 0
0.56000000000000005329 18.435677598236196673 658.42388168326112918 0.31467361995772885619 0
0.57000000000000006217 22.145030126547279536 673.83867641089591416 0.31964120064033213486 0
0.57999999999999996003 26.700855820767923632 689.68839530949287564 0.32419084076644472114 0
0.58999999999999996891 32.197811204132264606 705.64357687211463599 0.32822819434116018433 0
0.5999999999999999778 38.687446155129300962 721.26622084511222965 0.33170339666006504187 0
0.60999999999999998668 46.170105276469328714 736.0095496489936977 0.3346159759137613543 0
0.61999999999999999556 54.58715781999298855 749.22489613871437086 0.33701337271372089344 0
0.63000000000000000444 63.813348307571686746 760.17919188282837695 0.33897957035580805751 0
0.64000000000000001332 73.650485803817574038 768.07498937021455276 0.34061884468719560992 0
0.6500000000000000222 83.825845699642073328 772.06716993089798962 0.34203998682901948225 0
0.66000000000000003109 93.996557053671836002 771.27966015609229089 0.34334236004019147437 0
0.67000000000000003997 103.76007666617218206 764.82786692709134968 0.34460348407078561506 0
0.68000000000000004885 112.67105509843993616 751.85071332868392346 0.34586763162504907676 0
0.69000000000000005773 120.26232114866897405 731.55533050895814995 0.3471378130260157624 0
0.70000000000000006661 126.06734825049561266 703.27921483686952797 0.34837773585928161202 0
0.7100000000000000755 129.64482179727349376 666.5777198687346754 0.34952881094499849146 0
0.72000000000000008438 130.60723425195655523 621.33871751137837691 0.35054598406617587525 0
0.73000000000000009326 128.65515120188817377 567.90980517175773912 0.35145918818227289693 0
0.74000000000000010214 123.62016136872034622 507.21796051789669946 0.35245376474807732503 0
0.75000000000000011102 115.51772137941880203 440.86588561152461807 0.3539342863187991961 0
0.7600000000000001199 104.60344171792996804 371.16931522150247247 0.35652009352728863956 0
0.77000000000000001776 91.416808588331491592 301.06207833384661399 0.36091781064981032223 0
0.78000000000000002665 76.781023128236427056 233.79792821802911362 0.36763994181455994514 0
0.79000000000000003553 61.71456990950785837 172.4574449049018483 0.37665466343044257114 0
0.80000000000000004441 47.243403012672466446 119.40832245997972905 0.38721102592582651303 0
0.81000000000000005329 34.191337877707887571 75.956511861243299677 0.3979762470031934507 0
0.82000000000000006217 23.063111989254263534 42.321903086497641766 0.40740602526341263001 0
0.83000000000000007105 0 0 0.4143263405471044325 0
0.84000000000000007994 0 0 0.41845013639336942068 0
0.85000000000000008882 0 0 0.4203068374336679236 0
0.8600000000000000977 0 0 0.42072670100621401001 0
0.87000000000000010658 0 0 0.42044014772673887759 0
0.88000000000000011546 0 0 0.41993930256163053416 0
0.89000000000000012434 0 0 0.41948513595482733729 0
0.90000000000000013323 0 0 0.41917278206290209397 0
0.91000000000000014211 0 0 0.4190032483556293541 0
0.92000000000000015099 0 0 0.41893841481945159888 0
0.93000000000000004885 0 0 0.41893429513698315914 0
0.94000000000000005773 0 0 0.41895634980758944543 0
0.95000000000000006661 0 0 0.41898325847758899343 0
0.9600000000000000755 0 0 0.41900491035947595719 0
0.97000000000000008438 0 0 0.41901855009633759419 0
0.98000000000000009326 0 0 0.41902520211818550244 0
0.98999999999999999112 0 0 0.41902717474428596844 0
1 0 0 0.41902668345220828172 0
1.0100000000000000089 0 0 0.41902530761173567564 0
1.0200000000000000178 0 0 0.41902393785905572843 0
1.0300000000000000266 0 0 0.41902294020759506266 0
1.0400000000000000355 0 0 0.419022365347522463 0
1.0500000000000000444 0 0 0.41902212012578510247 0
1.0600000000000000533 0 0 0.41902207714527711646 0
1.0700000000000000622 0 0 0.41902212924731963017 0
1.0800000000000000711 0 0 0.41902220654136068667 0
1.0900000000000000799 0 0 0.41902227337913622307 0
1.1000000000000000888 0 0 0.41902231786630672605 0
1.1100000000000000977 0 0 0.41902234112353470286 0
1.1200000000000001066 0 0 0.41902234934171778136 0
1.1300000000000001155 0 0 0.41902234913431996022 0
1.1400000000000001243 0 0 0.41902234550478917319 0
1.1500000000000001332 0 0 0.41902234144192040954 0
1.1600000000000001421 0 0 0.41902233829641671869 0
1.170000000000000151 0 0 0.4190223363783259769 0
1.1800000000000001599 0 0 0.4190223354844546666 0
1.1900000000000001688 0 0 0.41902233525456811236 0
1.2000000000000001776 0 0 0.41902233536080374376 0
1.2099999999999999645 0 0 0.41902233557712659229 0
1.2200000000000001954 0 0 0.41902233578052511254 0
1.2299999999999999822 0 0 0.41902233592370718984 0
1.2399999999999999911 0 0 0.4190223360033982769 0
1.25 0 0 0.41902233603537791806 0
1.2600000000000000089 0 0 0.41902233603903343839 0
1.2700000000000000178 0 0 0.41902233603001037832 0
1.2800000000000000266 0 0 0.41902233601818827946 0
1.2900000000000000355 0 0 0.41902233600840055328 0
1.3000000000000000444 0 0 0.41902233600209348729 0
1.3100000000000000533 0 0 0.41902233599892485527 0
1.3200000000000000622 0 0 0.41902233599790628116 0
1.3300000000000000711 0 0 0.41902233599804949993 0
1.3400000000000000799 0 0 0.41902233599863308866 0
