0 -0.3381590453445273
0.01 -0.2858892291287534
0.02 -0.2366123058371485
0.03 -0.1927057794376408
0.04 -0.1560925627552416
0.05 -0.1281291825447894
0.06 -0.1095622936075547
0.07000000000000001 -0.1005004077244758
0.08 -0.1004068648496572
0.09 -0.1081509341432714
0.1 -0.1221277826732079
0.11 -0.1404428143890621
0.12 -0.1611530132837329
0.13 -0.1825453002165851
0.14 -0.2033868256091536
0.15 -0.223033568330024
0.16 -0.2413352432229141
0.17 -0.2584096202320767
0.18 -0.2744302563483441
0.19 -0.2895000424458649
0.2 -0.3035788960252184
0.21 -0.3164324330621957
0.22 -0.3276235108857124
0.23 -0.3365778625007074
0.24 -0.3427034333581425
0.25 -0.3455076957692809
0.26 -0.3446956801144365
0.27 -0.3402625635770109
0.28 -0.3325549270680481
0.29 -0.3222450089775108
0.3 -0.3102023743715785
0.31 -0.2973069285833958
0.32 -0.2842760101669954
0.33 -0.2715655556062
0.34 -0.2593567342963903
0.35 -0.2475955004379458
0.36 -0.2360621225937676
0.37 -0.2244743393330237
0.38 -0.2126066220185825
0.39 -0.2003773738870729
0.4 -0.1878725057102297
0.41 -0.1753174719341297
0.42 -0.1630286509080481
0.43 -0.1513672391489616
0.44 -0.140708727255773
0.45 -0.131418957888755
0.46 -0.1238214489634348
0.47 -0.118161913600674
0.48 -0.1145805616901594
0.49 -0.1131040290110708
0.5 -0.1136634580735416
0.51 -0.1161167683095359
0.52 -0.1202513205069948
0.53 -0.1257710578577438
0.54 -0.1322964749181859
0.55 -0.1393951690897968
0.5600000000000001 -0.1466207434311482
0.5700000000000001 -0.1535512088074951
0.58 -0.159848081783811
0.59 -0.165320298481495
0.6 -0.1699557855914868
0.61 -0.1739225466397158
0.62 -0.177554836249584
0.63 -0.1813183276509234
0.64 -0.1857531504000871
0.65 -0.1914078328760356
0.66 -0.1987821284599498
0.67 -0.2082967471496966
0.68 -0.220288898675749
0.6900000000000001 -0.2350332679478235
0.7000000000000001 -0.2527789220424825
0.7100000000000001 -0.2737613291398953
0.7200000000000001 -0.2981879350180483
0.7300000000000001 -0.3262350637411657
0.7400000000000001 -0.358052507366831
0.7500000000000001 -0.3937488461199345
0.7600000000000001 -0.4333640091172386
0.77 -0.4768600646062584
0.78 -0.5241264384525102
0.79 -0.5749418777798314
0.8 -0.628871702064949
0.8100000000000001 -0.6851719950405823
0.8200000000000001 -0.7427769610805881
0.8300000000000001 -0.8003664786993054
0.8400000000000001 -0.8564736380400548
0.8500000000000001 -0.9096287488949431
0.8600000000000001 -0.9585392841809837
0.8700000000000001 -1.002242743256766
0.8800000000000001 -1.040157168927845
0.8900000000000001 -1.072026205863537
0.9000000000000001 -1.097821776925728
0.9100000000000001 -1.117653331375472
0.9200000000000002 -1.131683382807572
0.93 -1.140054707633444
0.9400000000000001 -1.142858649920961
0.9500000000000001 -1.140152604228751
0.9600000000000001 -1.131993997426997
0.9700000000000001 -1.118453739789961
0.9800000000000001 -1.099614541753462
0.99 -1.075575177210492
1 -1.04645283568794
1.01 -1.012379315808468
1.02 -0.9735072927389794
1.03 -0.9300313154063877
1.04 -0.8822182259061684
1.05 -0.830432470891366
1.06 -0.7751429002413763
1.07 -0.7169250509305911
1.08 -0.6564664850421869
1.09 -0.5945770861946365
1.1 -0.5322215340577943
1.11 -0.4705529635297587
1.12 -0.410903057945017
1.13 -0.3547319896626089
1.14 -0.3035513790943387
1.15 -0.2588001571827077
1.16 -0.2216956610453025
1.17 -0.1931171312505429
1.18 -0.1735151307196379
1.19 -0.1628285630790067
1.2 -0.1604505017285245
1.21 -0.1652768226618813
1.22 -0.1758161709576012
1.23 -0.1903302623424166
1.24 -0.2069964938690507
1.25 -0.2240977800074413
1.26 -0.2402537993344369
1.27 -0.2546621597562746
1.28 -0.267204703955632
1.29 -0.278266636847877
1.3 -0.2883372917338427
1.31 -0.2976577783059273
1.32 -0.306061196598943
1.33 -0.3129735255068393
1.34 -0.3175847147852782
