0 0.02652526343015094
0.01 0.02981700746228277
0.02 0.03281732960244366
0.03 0.03526548078773128
0.04 0.03692360704029429
0.05 0.0376144278697792
0.06 0.03722822825519323
0.07000000000000001 0.03567711493367121
0.08 0.03286344403041142
0.09 0.0287031481360378
0.1 0.02317412087398996
0.11 0.01634155176860208
0.12 0.008337893862249146
0.13 -0.0006793679785648266
0.14 -0.0105522371021749
0.15 -0.02112913949437889
0.16 -0.03226386284135518
0.17 -0.04379225887843141
0.18 -0.05550678049094504
0.19 -0.06715473201259314
0.2 -0.07844419860673213
0.21 -0.08906166149159667
0.22 -0.09872038619950896
0.23 -0.1072159540176383
0.24 -0.1144472698842174
0.25 -0.120393513879665
0.26 -0.1250792693834804
0.27 -0.1285601763975173
0.28 -0.1309307493395044
0.29 -0.1323479328877797
0.3 -0.1330469574588538
0.31 -0.133315447592814
0.32 -0.1334400971292125
0.33 -0.1336623687639982
0.34 -0.1341558127546456
0.35 -0.1350304525015886
0.36 -0.1363492154801174
0.37 -0.1381273732394233
0.38 -0.1403258481495797
0.39 -0.1428727233163345
0.4 -0.1457036049682987
0.41 -0.1487781950186786
0.42 -0.1520699394373679
0.43 -0.1555564404822327
0.44 -0.1592089544559592
0.45 -0.162974616291466
0.46 -0.1667750154212015
0.47 -0.1705323924460282
0.48 -0.174189988187452
0.49 -0.1777043183363798
0.5 -0.1810367649567182
0.51 -0.1841580276674755
0.52 -0.1870547709107049
0.53 -0.1897341619480759
0.54 -0.1922076576889129
0.55 -0.1944568865199283
0.5600000000000001 -0.196428872575459
0.5700000000000001 -0.1980716367054676
0.58 -0.1993679053361763
0.59 -0.200341213564748
0.6 -0.2010346131704441
0.61 -0.2014785866832485
0.62 -0.2016779919458811
0.63 -0.2016248802155003
0.64 -0.2013205303670933
0.65 -0.2007899979500403
0.66 -0.2000794204984153
0.67 -0.1992456861123753
0.68 -0.1983559577176379
0.6900000000000001 -0.1974797622988014
0.7000000000000001 -0.1966568494365761
0.7100000000000001 -0.1958793185113077
0.7200000000000001 -0.1951115284410951
0.7300000000000001 -0.1943184020978546
0.7400000000000001 -0.1934725951216203
0.7500000000000001 -0.1925384219062032
0.7600000000000001 -0.1914661746430477
0.77 -0.1902068493164553
0.78 -0.1887049834051595
0.79 -0.186872379293713
0.8 -0.1845897315800329
0.8100000000000001 -0.1817320046152044
0.8200000000000001 -0.1781764567624453
0.8300000000000001 -0.1737939022341015
0.8400000000000001 -0.1684658218091695
0.8500000000000001 -0.1621218812259562
0.8600000000000001 -0.154746804441019
0.8700000000000001 -0.1463664597149235
0.8800000000000001 -0.137061485731607
0.8900000000000001 -0.1270033086701252
0.9000000000000001 -0.1164528889497314
0.9100000000000001 -0.1056910799056476
0.9200000000000002 -0.09493902674213572
0.93 -0.08433480019595763
0.9400000000000001 -0.07396559726897589
0.9500000000000001 -0.06390968725713098
0.9600000000000001 -0.05424030739147945
0.9700000000000001 -0.04500377565815405
0.9800000000000001 -0.0362228199957304
0.99 -0.02791405668942382
1 -0.02006936190898045
1.01 -0.0126301033116043
1.02 -0.005518436320228304
1.03 0.001307906296049488
1.04 0.007855747791133183
1.05 0.01413202810128666
1.06 0.02014424729324382
1.07 0.02588099974476599
1.08 0.03130625493439432
1.09 0.03635158881155753
1.1 0.04092867633818642
1.11 0.0449819809855132
1.12 0.04851935258751272
1.13 0.05157536783641703
1.14 0.05415212303703942
1.15 0.05618502858072638
1.16 0.05753869939313816
1.17 0.05804026306260823
1.18 0.05753664206620446
1.19 0.0559159229890156
1.2 0.05308395375185881
1.21 0.04897188161620836
1.22 0.04358079824044481
1.23 0.03698358377221034
1.24 0.02927309838757974
1.25 0.0205091899308103
1.26 0.01070499202979036
1.27 -0.0001289198724601093
1.28 -0.01191931544814562
1.29 -0.02452078024722049
1.3 -0.03776004038185921
1.31 -0.05145932142732246
1.32 -0.06542534557154411
1.33 -0.07941969072181543
1.34 -0.0930994815499453
