0 1.073892209328363
0.01 1.071865059211407
0.02 1.069862712598139
0.03 1.067915487534476
0.04 1.066047956429845
0.05 1.064281852345196
0.06 1.062637656845717
0.07000000000000001 1.061134206354408
0.08 1.059787339051938
0.09 1.058609730185068
0.1 1.057612659418748
0.11 1.056808538905598
0.12 1.056213223979942
0.13 1.055846683829663
0.14 1.055730230358869
0.15 1.055881469590253
0.16 1.056309447738609
0.17 1.057011124293759
0.18 1.057970046433555
0.19 1.059157054886023
0.2 1.060532578889106
0.21 1.062051193304776
0.22 1.063668297234701
0.23 1.065346789874695
0.24 1.067060552971312
0.25 1.068793511192281
0.26 1.070536387766525
0.27 1.072283827217388
0.28 1.074032875255432
0.29 1.075782182331542
0.3 1.077531247074694
0.31 1.07927948317851
0.32 1.081024337422139
0.33 1.082758442421107
0.34 1.084467246257505
0.35 1.086128508540918
0.36 1.087714136737751
0.37 1.089193249513484
0.38 1.090535268039413
0.39 1.091712994484722
0.4 1.092704527062699
0.41 1.093492566537661
0.42 1.094062859600883
0.43 1.094404986045708
0.44 1.094514983437827
0.45 1.094396357644032
0.46 1.094058788282387
0.47 1.093515931256567
0.48 1.09278315322513
0.49 1.09187652605465
0.5 1.090812535607449
0.51 1.089606095410083
0.52 1.088268210167839
0.53 1.08680659165034
0.54 1.085228438497543
0.55 1.083542748383796
0.5600000000000001 1.081761662558258
0.5700000000000001 1.079901525860146
0.58 1.077983720570878
0.59 1.07603448247592
0.6 1.074083837567063
0.61 1.072163915979634
0.62 1.070305794115112
0.63 1.068536269499764
0.64 1.06687675700947
0.65 1.065343735316977
0.66 1.063950011999781
0.67 1.062706601591245
0.68 1.061624955196894
0.6900000000000001 1.060719466299069
0.7000000000000001 1.060008875198154
0.7100000000000001 1.059515426598264
0.7200000000000001 1.059261995852156
0.7300000000000001 1.059267059038736
0.7400000000000001 1.059538471230137
0.7500000000000001 1.060069282716273
0.7600000000000001 1.060837793789692
0.77 1.061810604990019
0.78 1.062946381479369
0.79 1.064200437831096
0.8 1.065531217963899
0.8100000000000001 1.066906318049868
0.8200000000000001 1.068304367718034
0.8300000000000001 1.069713557966424
0.8400000000000001 1.07112947259387
0.8500000000000001 1.072552492297965
0.8600000000000001 1.073984639033927
0.8700000000000001 1.075425804600604
0.8800000000000001 1.076870055840628
0.8900000000000001 1.078304790049422
0.9000000000000001 1.079713398479666
0.9100000000000001 1.081078135190768
0.9200000000000002 1.082380243265585
0.93 1.083597835951091
0.9400000000000001 1.084704547444358
0.9500000000000001 1.085670347704937
0.9600000000000001 1.08646346728384
0.9700000000000001 1.087053698961485
0.9800000000000001 1.087416635735655
0.99 1.087535972605025
1 1.087403730179506
1.01 1.087020158245059
1.02 1.086393181834696
1.03 1.085537010957882
1.04 1.084470290956949
1.05 1.083214740135251
1.06 1.081794491697735
1.07 1.080234824354239
1.08 1.078560283574376
1.09 1.076793475399114
1.1 1.074955301436951
1.11 1.073066688893616
1.12 1.071150475790357
1.13 1.069231849246232
1.14 1.067337365426074
1.15 1.06549393280716
1.16 1.063727757198822
1.17 1.062062691131752
1.18 1.060519512628101
1.19 1.059115830185902
1.2 1.057864609262108
1.21 1.056772263820528
1.22 1.055838499055983
1.23 1.055059326649052
1.24 1.054433150354633
1.25 1.053967211263708
1.26 1.053680492586376
1.27 1.053600032884831
1.28 1.053751899609222
1.29 1.054152902937285
1.3 1.054805737349996
1.31 1.055694493179095
1.32 1.056780307791379
1.33 1.057999443650713
1.34 1.059264210516506
