0 -0.1430255750264164
0.01 -0.1463369858182784
0.02 -0.1498880888273373
0.03 -0.1541551030753316
0.04 -0.1594633856461947
0.05 -0.1659745053050061
0.06 -0.1736986401312102
0.07000000000000001 -0.182504042419902
0.08 -0.1921345661840421
0.09 -0.2022548592196527
0.1 -0.2125124647721703
0.11 -0.2225657315879435
0.12 -0.2320635988983906
0.13 -0.2406178354723805
0.14 -0.247794626759851
0.15 -0.2531195302709932
0.16 -0.2560844782528173
0.17 -0.2561767458713273
0.18 -0.2529416895051426
0.19 -0.246033306810439
0.2 -0.2352314852075921
0.21 -0.22045842566778
0.22 -0.2017991424760242
0.23 -0.1794959342816034
0.24 -0.1539065663276595
0.25 -0.1254608258951633
0.26 -0.0946431869742046
0.27 -0.06197627552569696
0.28 -0.02797093885768653
0.29 0.006942605306991645
0.3 0.04244610530274073
0.31 0.07829993933357926
0.32 0.1142828673077574
0.33 0.1501646414025686
0.34 0.1857268099607259
0.35 0.2207887726193327
0.36 0.2552084468342404
0.37 0.2888571638258037
0.38 0.3215702961239284
0.39 0.3531052128381411
0.4 0.3831432253987321
0.41 0.4113320715483262
0.42 0.4373418553565447
0.43 0.4608929882768944
0.44 0.4817524724493758
0.45 0.4997489317181252
0.46 0.5148202565634428
0.47 0.5270354917115787
0.48 0.5365458764269793
0.49 0.5435315241809109
0.5 0.5481961025686344
0.51 0.5507481829470571
0.52 0.5513767086972345
0.53 0.5502666536198033
0.54 0.5476038954990097
0.55 0.5435572561917121
0.5600000000000001 0.5382822277466088
0.5700000000000001 0.5319604998126026
0.58 0.5249010182051119
0.59 0.5176364247549401
0.6 0.5108162039803803
0.61 0.5049202851112344
0.62 0.5000917509070186
0.63 0.4962052477919672
0.64 0.4930129317817586
0.65 0.490216715082858
0.66 0.4874755314256305
0.67 0.4844431246367522
0.68 0.4808349464272652
0.6900000000000001 0.4764505823944969
0.7000000000000001 0.4711332507758543
0.7100000000000001 0.4647144072074596
0.7200000000000001 0.4570257973231913
0.7300000000000001 0.4479847830530215
0.7400000000000001 0.4376497417312253
0.7500000000000001 0.4261927881726582
0.7600000000000001 0.4138542570310779
0.77 0.4009459609098354
0.78 0.3878626495498096
0.79 0.3749593678831324
0.8 0.3622988411076431
0.8100000000000001 0.3495655708456678
0.8200000000000001 0.3362822345852603
0.8300000000000001 0.3220510133969352
0.8400000000000001 0.3066248670042659
0.8500000000000001 0.2899267577457083
0.8600000000000001 0.2721073456694239
0.8700000000000001 0.2535518860244856
0.8800000000000001 0.234769543044612
0.8900000000000001 0.2162286455290729
0.9000000000000001 0.198223405958208
0.9100000000000001 0.1808198109838113
0.9200000000000002 0.1638904184148728
0.93 0.1471945946744864
0.9400000000000001 0.1304616705016786
0.9500000000000001 0.1134757197053675
0.9600000000000001 0.09614631543544494
0.9700000000000001 0.07851718634043081
0.9800000000000001 0.0607109152235692
0.99 0.0428678217645837
1 0.02511816393066724
1.01 0.007603624657450681
1.02 -0.009470495733310713
1.03 -0.0258342350810965
1.04 -0.04122893311177211
1.05 -0.05548648527941769
1.06 -0.06854919129830339
1.07 -0.0804472052222458
1.08 -0.09129923829163378
1.09 -0.1013201224921421
1.1 -0.1107742212855918
1.11 -0.1199181538111507
1.12 -0.1290020588663801
1.13 -0.1382970387137812
1.14 -0.1480683084688925
1.15 -0.1585087753750365
1.16 -0.1697059379037578
1.17 -0.1816259551963624
1.18 -0.1940773700139138
1.19 -0.2067081479820567
1.2 -0.2190816084699474
1.21 -0.2307677841364182
1.22 -0.2414039086292945
1.23 -0.2507419879003105
1.24 -0.2586317856782481
1.25 -0.2649240238850918
1.26 -0.2694102505795506
1.27 -0.2718342208726083
1.28 -0.2719120933594557
1.29 -0.2693970159734835
1.3 -0.2642338863445897
1.31 -0.2567163407878805
1.32 -0.2475679194611455
1.33 -0.2379126786344496
1.34 -0.2290619199957504
