0 4.708018334045571
0.01 4.707033106764298
0.02 4.706273442965925
0.03 4.705801175659677
0.04 4.705644215254428
0.05 4.705806329177196
0.06 4.706269649848101
0.07000000000000001 4.706999840642238
0.08 4.707954035943689
0.09 4.709094004942093
0.1 4.7104064851897
0.11 4.711908356194661
0.12 4.713628449073433
0.13 4.71558834288753
0.14 4.717798522733942
0.15 4.720259847723269
0.16 4.722955282157298
0.17 4.725844283245237
0.18 4.72886691104871
0.19 4.73194036087304
0.2 4.734954478653471
0.21 4.73778528323264
0.22 4.740318852407657
0.23 4.742465673432709
0.24 4.744158859209791
0.25 4.745350761443003
0.26 4.746018937584024
0.27 4.746169715819597
0.28 4.745827206962558
0.29 4.745018026171665
0.3 4.743772706863918
0.31 4.742145035843889
0.32 4.740227551766329
0.33 4.738141398208635
0.34 4.736004345147418
0.35 4.73390506517815
0.36 4.731894272247191
0.37 4.729984199131398
0.38 4.728160457111944
0.39 4.726405465887933
0.4 4.724714835266223
0.41 4.723094766343952
0.42 4.721550338137653
0.43 4.720084651349023
0.44 4.718705533422806
0.45 4.7174203757251
0.46 4.716222488434111
0.47 4.715088585989788
0.48 4.713994217451615
0.49 4.712927713542848
0.5 4.711886726635262
0.51 4.710872723625229
0.52 4.709893723114844
0.53 4.708968794462909
0.54 4.708130389391241
0.55 4.707418221360675
0.5600000000000001 4.706869796944705
0.5700000000000001 4.70651865904243
0.58 4.706390188176949
0.59 4.706490942043702
0.6 4.706806596977001
0.61 4.707307022383204
0.62 4.707948491938949
0.63 4.708680026862759
0.64 4.709456680043294
0.65 4.710252116317537
0.66 4.711066684273487
0.67 4.711927949545277
0.68 4.712886027360646
0.6900000000000001 4.714002293364526
0.7000000000000001 4.715331871889512
0.7100000000000001 4.716920321442183
0.7200000000000001 4.718811020192591
0.7300000000000001 4.72103540894215
0.7400000000000001 4.72359422896074
0.7500000000000001 4.726451952226668
0.7600000000000001 4.729537549506079
0.77 4.732738573895588
0.78 4.735900440316922
0.79 4.738849402659433
0.8 4.741428116945501
0.8100000000000001 4.74352391281239
0.8200000000000001 4.745081746857944
0.8300000000000001 4.746095690023111
0.8400000000000001 4.746590113106216
0.8500000000000001 4.746605956372533
0.8600000000000001 4.746190788261831
0.8700000000000001 4.74539226783667
0.8800000000000001 4.744258200825207
0.8900000000000001 4.742845500199584
0.9000000000000001 4.741231155960653
0.9100000000000001 4.739509362688001
0.9200000000000002 4.737774974529204
0.93 4.736103142894996
0.9400000000000001 4.734529959199544
0.9500000000000001 4.733045005704899
0.9600000000000001 4.731605814740515
0.9700000000000001 4.730166910550007
0.9800000000000001 4.728703282988409
0.99 4.727214266547655
1 4.725713222041565
1.01 4.724214605025086
1.02 4.722725630320493
1.03 4.721248456982862
1.04 4.719784278863668
1.05 4.718330687359032
1.06 4.716882883664775
1.07 4.715440084291025
1.08 4.714010221781891
1.09 4.712612498927609
1.1 4.711273151260807
1.11 4.710017828133291
1.12 4.708874038756061
1.13 4.707881197475339
1.14 4.707090040221868
1.15 4.706550814745249
1.16 4.706306044043948
1.17 4.706386569760155
1.18 4.706803730775303
1.19 4.707546403207033
1.2 4.708595377864805
1.21 4.709945982531835
1.22 4.711613642439426
1.23 4.713617943212808
1.24 4.715963867894768
1.25 4.718639531250513
1.26 4.72162989949112
1.27 4.724918361028362
1.28 4.728460189681703
1.29 4.732161539075181
1.3 4.735894465904402
1.31 4.739519179655044
1.32 4.742885481084132
1.33 4.74582722794174
1.34 4.748166467249392
