0 -4.588712486699425
0.01 -4.583713293022633
0.02 -4.579102471564824
0.03 -4.575211305043579
0.04 -4.572277906896482
0.05 -4.570424626561254
0.06 -4.56964519897987
0.07000000000000001 -4.569831579251111
0.08 -4.570813777232125
0.09 -4.572417677482151
0.1 -4.574542690564836
0.11 -4.57717497087312
0.12 -4.580320431465053
0.13 -4.583959805868298
0.14 -4.588056712257876
0.15 -4.592554521473469
0.16 -4.597354388830063
0.17 -4.602313592151837
0.18 -4.607262975629925
0.19 -4.612040408410055
0.2 -4.616540888050372
0.21 -4.620744746682542
0.22 -4.624699622896228
0.23 -4.62848569739374
0.24 -4.632198263536759
0.25 -4.635949846528338
0.26 -4.639872173120985
0.27 -4.644100445679373
0.28 -4.648736231909541
0.29 -4.653803900417474
0.3 -4.659229430976676
0.31 -4.664861143459622
0.32 -4.670522942592372
0.33 -4.676057742512326
0.34 -4.681325570199993
0.35 -4.68617745883316
0.36 -4.69045562437062
0.37 -4.6940364481283
0.38 -4.696882855708711
0.39 -4.699059623480833
0.4 -4.700703534482761
0.41 -4.701978208872615
0.42 -4.703038347936775
0.43 -4.704006531882459
0.44 -4.704965933575184
0.45 -4.705976095256577
0.46 -4.707088348430086
0.47 -4.708338993939845
0.48 -4.709741722716867
0.49 -4.711294960938872
0.5 -4.712991711516104
0.51 -4.714814745525358
0.52 -4.716722535125125
0.53 -4.718664901622495
0.54 -4.720627540808287
0.55 -4.722644574882429
0.5600000000000001 -4.724770083545748
0.5700000000000001 -4.727045552754314
0.58 -4.729473394094761
0.59 -4.732016871783735
0.6 -4.734630961818303
0.61 -4.737280873133065
0.62 -4.73993128084073
0.63 -4.742531933656135
0.64 -4.745020203561185
0.65 -4.747331474551817
0.66 -4.749396408259487
0.67 -4.751131976757356
0.68 -4.75244684383694
0.6900000000000001 -4.753266942521478
0.7000000000000001 -4.753576671404212
0.7100000000000001 -4.75344189524112
0.7200000000000001 -4.752980531895889
0.7300000000000001 -4.752308247948998
0.7400000000000001 -4.751508448000307
0.7500000000000001 -4.750626075707827
0.7600000000000001 -4.749656372049746
0.77 -4.748529760482917
0.78 -4.747109054836379
0.79 -4.7452027742128
0.8 -4.742600940035825
0.8100000000000001 -4.739135709183113
0.8200000000000001 -4.734738980930119
0.8300000000000001 -4.729463004804146
0.8400000000000001 -4.723463306230952
0.8500000000000001 -4.71695650682886
0.8600000000000001 -4.710174257889415
0.8700000000000001 -4.703324416452896
0.8800000000000001 -4.696550079662955
0.8900000000000001 -4.689930756577351
0.9000000000000001 -4.683551991554119
0.9100000000000001 -4.677549298137505
0.9200000000000002 -4.672064905859133
0.93 -4.667176419302616
0.9400000000000001 -4.662847042935276
0.9500000000000001 -4.658904460571931
0.9600000000000001 -4.655074842230023
0.9700000000000001 -4.651081179728596
0.9800000000000001 -4.646750189386206
0.99 -4.642070148354384
1 -4.637180847592347
1.01 -4.632285874900723
1.02 -4.62753572873918
1.03 -4.622985058051211
1.04 -4.618635671208627
1.05 -4.614483764945861
1.06 -4.610538035621396
1.07 -4.606826307333951
1.08 -4.603374676595378
1.09 -4.600164904145174
1.1 -4.597146221273066
1.11 -4.59429365498284
1.12 -4.591621445219282
1.13 -4.589172875950542
1.14 -4.587033689176202
1.15 -4.585311536919678
1.16 -4.58407777347779
1.17 -4.58335366212608
1.18 -4.583134901956149
1.19 -4.583395690857397
1.2 -4.584096664460562
1.21 -4.585216721835639
1.22 -4.586756101881067
1.23 -4.588702635633524
1.24 -4.591006779976851
1.25 -4.593590994820939
1.26 -4.596405102014558
1.27 -4.599479342427284
1.28 -4.602893132165175
1.29 -4.606697234985663
1.3 -4.610891389176562
1.31 -4.615458698975813
1.32 -4.620398485486061
1.33 -4.625740871521675
1.34 -4.631537488217338
