0 0.517324221939929
0.01 0.5086005577583066
0.02 0.5005475136552784
0.03 0.4932627062840824
0.04 0.4868140943187935
0.05 0.4812476016516447
0.06 0.4765951190376772
0.07000000000000001 0.4728549527464478
0.08 0.469956000044105
0.09 0.4677302751281811
0.1 0.4659004645873157
0.11 0.4640990873270434
0.12 0.4619194524345298
0.13 0.4589720822757153
0.14 0.4549254557459319
0.15 0.4495425186641659
0.16 0.4427307233229119
0.17 0.4345598911344402
0.18 0.4252128935732031
0.19 0.4149163936272746
0.2 0.4038827628396264
0.21 0.3922561188175333
0.22 0.3800737431837229
0.23 0.3672664366594303
0.24 0.3537003138899291
0.25 0.3392311233414569
0.26 0.3237527784181973
0.27 0.3072489014563349
0.28 0.2898485218910025
0.29 0.2718525038747925
0.3 0.2536807535290375
0.31 0.2357447441680725
0.32 0.2183199383486238
0.33 0.2014937344460943
0.34 0.1851966281954969
0.35 0.1692595695781227
0.36 0.1534662925309247
0.37 0.1376119430427201
0.38 0.1215540191226454
0.39 0.1052322697060575
0.4 0.08866462608948922
0.41 0.07194113935213942
0.42 0.05521792800566327
0.43 0.03868953127713048
0.44 0.02255226365862129
0.45 0.006992585315519051
0.46 -0.007810329658427762
0.47 -0.02169773068879088
0.48 -0.03456532187458983
0.49 -0.04638577736631344
0.5 -0.05719562862864525
0.51 -0.06707840872264015
0.52 -0.07616852148077236
0.53 -0.08466304653188583
0.54 -0.09282069357622635
0.55 -0.1009330173449303
0.5600000000000001 -0.109291268483596
0.5700000000000001 -0.1181676722878819
0.58 -0.127781438776263
0.59 -0.1382506227157503
0.6 -0.1495706195617039
0.61 -0.1616174689339447
0.62 -0.1741557557616558
0.63 -0.1868648945611975
0.64 -0.1993883199638304
0.65 -0.2113881724934483
0.66 -0.222588119478127
0.67 -0.232788094007514
0.68 -0.2418554134585218
0.6900000000000001 -0.2496894415703892
0.7000000000000001 -0.256166810339475
0.7100000000000001 -0.2611231110642258
0.7200000000000001 -0.2643715626544774
0.7300000000000001 -0.2657020696902297
0.7400000000000001 -0.2648673668160288
0.7500000000000001 -0.2615939024418683
0.7600000000000001 -0.2556091659937501
0.77 -0.246650931564008
0.78 -0.2344652737333162
0.79 -0.2188439786442435
0.8 -0.1997002695979662
0.8100000000000001 -0.1771221817834876
0.8200000000000001 -0.1513646294250064
0.8300000000000001 -0.1227932108408023
0.8400000000000001 -0.09182383982481479
0.8500000000000001 -0.05887371161241539
0.8600000000000001 -0.02431875002377293
0.8700000000000001 0.01151961309252592
0.8800000000000001 0.04834903558393044
0.8900000000000001 0.08586617617829351
0.9000000000000001 0.1237334608701737
0.9100000000000001 0.16158773712643
0.9200000000000002 0.1990595455493303
0.93 0.2357885098981809
0.9400000000000001 0.2714447521709653
0.9500000000000001 0.3057480366751317
0.9600000000000001 0.3384619786079854
0.9700000000000001 0.3693629535474017
0.9800000000000001 0.3982164291120469
0.99 0.4247870276686054
1 0.4488630026062328
1.01 0.4702710539423425
1.02 0.4888865602029009
1.03 0.5046431654225643
1.04 0.5175446875972893
1.05 0.527671550669365
1.06 0.5351627654390185
1.07 0.5401892484256674
1.08 0.5429325048240425
1.09 0.543574073576675
1.1 0.5423210223125343
1.11 0.5394436605434025
1.12 0.5352717072020559
1.13 0.5301602013347102
1.14 0.5244652517787527
1.15 0.5185183119673455
1.16 0.512583393240674
1.17 0.5068298781327494
1.18 0.501334940713428
1.19 0.4960893595894484
1.2 0.4909932304083426
1.21 0.4858620618503098
1.22 0.4804608538905732
1.23 0.474545267374749
1.24 0.4678829851800312
1.25 0.4602515928455801
1.26 0.451439071654204
1.27 0.4412867690732831
1.28 0.4297693653660737
1.29 0.4170337438292426
1.3 0.4033345533159185
1.31 0.3889162955060677
1.32 0.373924880898751
1.33 0.358402903452296
1.34 0.3424254604099097
