0 -5.658504552450646
0.01 -5.655730817562447
0.02 -5.652031234198643
0.03 -5.647895192384034
0.04 -5.643885974872406
0.05 -5.640464297495024
0.06 -5.637895824323801
0.07000000000000001 -5.636196175701629
0.08 -5.635116949702564
0.09 -5.634239740144301
0.1 -5.633264738243153
0.11 -5.632380903829506
0.12 -5.632369202919961
0.13 -5.634383170605926
0.14 -5.639711333790768
0.15 -5.649593943837198
0.16 -5.664890829336247
0.17 -5.685570471484667
0.18 -5.710418355512932
0.19 -5.73734235264597
0.2 -5.764048793843617
0.21 -5.78861352915698
0.22 -5.809758735429316
0.23 -5.826886726613118
0.24 -5.839967262195124
0.25 -5.849337180533375
0.26 -5.855504965330624
0.27 -5.85906928168458
0.28 -5.86069637341089
0.29 -5.86103111376752
0.3 -5.860574512109737
0.31 -5.85963724091741
0.32 -5.858384303069224
0.33 -5.856906834767777
0.34 -5.855263748866595
0.35 -5.85348837195247
0.36 -5.851594291411421
0.37 -5.849598840324298
0.38 -5.847541693169312
0.39 -5.845469707912955
0.4 -5.843400383287649
0.41 -5.841310089961684
0.42 -5.839166112981258
0.43 -5.836958183972813
0.44 -5.834684782993246
0.45 -5.832324960514998
0.46 -5.829846481867053
0.47 -5.827245686893418
0.48 -5.824580363707624
0.49 -5.821962234422364
0.5 -5.819514303877945
0.51 -5.817332989007463
0.52 -5.815457982859353
0.53 -5.813829466234982
0.54 -5.812258981033932
0.55 -5.810451169165086
0.5600000000000001 -5.808078305987389
0.5700000000000001 -5.804854427866815
0.58 -5.800539074613829
0.59 -5.794886932834761
0.6 -5.787619603969913
0.61 -5.778448459274295
0.62 -5.767115876656214
0.63 -5.753419503684993
0.64 -5.737210701332962
0.65 -5.718369108260377
0.66 -5.696753901336307
0.67 -5.672134872068639
0.68 -5.644141481020084
0.6900000000000001 -5.612287682899041
0.7000000000000001 -5.576093617331379
0.7100000000000001 -5.535308662224718
0.7200000000000001 -5.490213104492767
0.7300000000000001 -5.441928690547907
0.7400000000000001 -5.392679569892145
0.7500000000000001 -5.345925583601576
0.7600000000000001 -5.306279339754182
0.77 -5.279158708425923
0.78 -5.269981320295949
0.79 -5.282562228926065
0.8 -5.3169364036014
0.8100000000000001 -5.368004898741276
0.8200000000000001 -5.426698542232998
0.8300000000000001 -5.483586768650688
0.8400000000000001 -5.532401612796144
0.8500000000000001 -5.570971274235746
0.8600000000000001 -5.599786706577697
0.8700000000000001 -5.620190650294726
0.8800000000000001 -5.633417153544874
0.8900000000000001 -5.640466733014762
0.9000000000000001 -5.642404771233046
0.9100000000000001 -5.640592588377473
0.9200000000000002 -5.63660504574798
0.93 -5.632058602062612
0.9400000000000001 -5.628374564114676
0.9500000000000001 -5.626511079447265
0.9600000000000001 -5.627012729453051
0.9700000000000001 -5.630076605341398
0.9800000000000001 -5.63538944674637
0.99 -5.642250764209452
1 -5.64997528715636
1.01 -5.658086273577029
1.02 -5.666256024474062
1.03 -5.674204793551087
1.04 -5.68164537200385
1.05 -5.688283475438726
1.06 -5.6938420362888
1.07 -5.698024854720063
1.08 -5.700456956729775
1.09 -5.700723203440072
1.1 -5.698496221118653
1.11 -5.693705963288568
1.12 -5.686683995903939
1.13 -5.678095520678619
1.14 -5.668654587991572
1.15 -5.658928509533745
1.16 -5.649363597681732
1.17 -5.640360175113225
1.18 -5.632276005977142
1.19 -5.625370432760132
1.2 -5.619796341123242
1.21 -5.615769094801486
1.22 -5.613862376027688
1.23 -5.615218543985842
1.24 -5.62145598103392
1.25 -5.63419235364789
1.26 -5.654366397321159
1.27 -5.681717598818812
1.28 -5.714601578039121
1.29 -5.750150081959697
1.3 -5.784966805386181
1.31 -5.816217603627833
1.32 -5.842401769687204
1.33 -5.863417635211476
1.34 -5.880090453735418
