0 -5.826010101414298
0.01 -5.822405468578657
0.02 -5.81835649429456
0.03 -5.813210664576019
0.04 -5.806059512293975
0.05 -5.795959924419247
0.06 -5.782157658071648
0.07000000000000001 -5.764197702274669
0.08 -5.741894662859358
0.09 -5.715242833274767
0.1 -5.684359114611322
0.11 -5.649433478096109
0.12 -5.610670634062898
0.13 -5.568336318168202
0.14 -5.522967346188726
0.15 -5.475637190540134
0.16 -5.428134944642318
0.17 -5.383020430016492
0.18 -5.343568980664505
0.19 -5.313558768951518
0.2 -5.296799517481658
0.21 -5.296227658916911
0.22 -5.312553358190439
0.23 -5.343156507085902
0.24 -5.382342952327602
0.25 -5.423209899498943
0.26 -5.460026188985006
0.27 -5.489626515973197
0.28 -5.511250281325729
0.29 -5.525531902285596
0.3 -5.533586852640425
0.31 -5.536595712887286
0.32 -5.535885720315225
0.33 -5.533197495955589
0.34 -5.530590142288774
0.35 -5.529849369798887
0.36 -5.531973302274174
0.37 -5.537151439939928
0.38 -5.545025988967791
0.39 -5.554950247824743
0.4 -5.566146822969555
0.41 -5.5777910258694
0.42 -5.589127523281208
0.43 -5.599631311212336
0.44 -5.609092406194446
0.45 -5.617590843756454
0.46 -5.625410656820905
0.47 -5.632881765151555
0.48 -5.64016419438909
0.49 -5.647083995507439
0.5 -5.653122038317691
0.51 -5.657512665854281
0.52 -5.659396463081853
0.53 -5.658139546872236
0.54 -5.653776161137109
0.55 -5.647206778131543
0.5600000000000001 -5.639876023546586
0.5700000000000001 -5.63310115369107
0.58 -5.62755360730948
0.59 -5.623194951281508
0.6 -5.619504947668391
0.61 -5.615761103131446
0.62 -5.611338438768242
0.63 -5.606001978215005
0.64 -5.600049637540232
0.65 -5.594261580826387
0.66 -5.589794624165423
0.67 -5.588121725995043
0.68 -5.590960984438778
0.6900000000000001 -5.600149343519706
0.7000000000000001 -5.617387886292252
0.7100000000000001 -5.643689178927124
0.7200000000000001 -5.678572996692397
0.7300000000000001 -5.71943768879773
0.7400000000000001 -5.761880126872533
0.7500000000000001 -5.80121286895606
0.7600000000000001 -5.834014613911231
0.77 -5.858692648643673
0.78 -5.875308028793244
0.79 -5.885062235055386
0.8 -5.889655679603225
0.8100000000000001 -5.890792999347656
0.8200000000000001 -5.889924994757377
0.8300000000000001 -5.888162199336585
0.8400000000000001 -5.886282584540484
0.8500000000000001 -5.884753366366854
0.8600000000000001 -5.88376055555527
0.8700000000000001 -5.883283487664179
0.8800000000000001 -5.883193753447148
0.8900000000000001 -5.883322421210288
0.9000000000000001 -5.883475677960141
0.9100000000000001 -5.883434776860622
0.9200000000000002 -5.882994686637089
0.93 -5.882036075029698
0.9400000000000001 -5.880565972523305
0.9500000000000001 -5.878704207413065
0.9600000000000001 -5.876642983992617
0.9700000000000001 -5.874584785410415
0.9800000000000001 -5.872662616700092
0.99 -5.870883781766568
1 -5.869143057876503
1.01 -5.867305698002785
1.02 -5.865275399448952
1.03 -5.86297897733597
1.04 -5.860342781108474
1.05 -5.857350392863991
1.06 -5.854110228318087
1.07 -5.850802469998722
1.08 -5.84753471131592
1.09 -5.84424294793237
1.1 -5.840666118834688
1.11 -5.836364896467048
1.12 -5.830816003643107
1.13 -5.823540316834504
1.14 -5.814148317084562
1.15 -5.802300485084038
1.16 -5.787686571172009
1.17 -5.770068570784561
1.18 -5.749313753713357
1.19 -5.725358100506942
1.2 -5.69812189095076
1.21 -5.667464147345993
1.22 -5.633273281114067
1.23 -5.595613171583629
1.24 -5.554765211361338
1.25 -5.51121385891113
1.26 -5.465706902198613
1.27 -5.419387979621148
1.28 -5.373922577246469
1.29 -5.331565891697188
1.3 -5.295144020001101
1.31 -5.26784958513162
1.32 -5.252654956616544
1.33 -5.251223621190652
1.34 -5.262628952926983
