0 -0.1067995645394078
0.01 -0.1091209203128152
0.02 -0.1113052116243995
0.03 -0.1130565135836212
0.04 -0.1141657290909563
0.05 -0.1145309323883756
0.06 -0.1141510112947186
0.07000000000000001 -0.1130718645948621
0.08 -0.1113305337942405
0.09 -0.1089404493856829
0.1 -0.1058906647413274
0.11 -0.1021536717464953
0.12 -0.09773088565128685
0.13 -0.09269228415815256
0.14 -0.08716563959606916
0.15 -0.08131948940698841
0.16 -0.0753507859969158
0.17 -0.06944841511248079
0.18 -0.06375143317492338
0.19 -0.05832025635245586
0.2 -0.05313395057522996
0.21 -0.04812741464420078
0.22 -0.04323791516896502
0.23 -0.03842437485554662
0.24 -0.033660797037113
0.25 -0.02892305783420479
0.26 -0.02418244524441615
0.27 -0.01940315190073694
0.28 -0.01453642720265957
0.29 -0.009520534472481579
0.3 -0.004298190028359627
0.31 0.001158640503528652
0.32 0.006837614588746099
0.33 0.01268953823744923
0.34 0.01862743737802841
0.35 0.02452363813681213
0.36 0.03022920299677345
0.37 0.0356131221358309
0.38 0.04059022003413215
0.39 0.0451193198037716
0.4 0.04918395329909053
0.41 0.05277859435354237
0.42 0.05590193232872132
0.43 0.05854311594839423
0.44 0.06068183912480496
0.45 0.06232987762705555
0.46 0.06356213140482403
0.47 0.0644844808207532
0.48 0.06518801365425553
0.49 0.06574664835969202
0.5 0.06623616449197289
0.51 0.06672896744920997
0.52 0.06726911651336387
0.53 0.06787121656905537
0.54 0.06854372312425383
0.55 0.06929701169258262
0.5600000000000001 0.07013549549664333
0.5700000000000001 0.07104746392924621
0.58 0.07199417991868362
0.59 0.07291721183771305
0.6 0.07375910088436477
0.61 0.07447505731014203
0.62 0.07503636192588647
0.63 0.07542042675493299
0.64 0.075592443063484
0.65 0.07549511526837982
0.66 0.07504690216832799
0.67 0.0741459094700776
0.68 0.07266856448922354
0.6900000000000001 0.07047573458492629
0.7000000000000001 0.06745465264662975
0.7100000000000001 0.06355564920861845
0.7200000000000001 0.05877830914147886
0.7300000000000001 0.0531497207827929
0.7400000000000001 0.04674441308869071
0.7500000000000001 0.03972671385882887
0.7600000000000001 0.03236103241488131
0.77 0.02497036918585671
0.78 0.01787402620895762
0.79 0.01133384261772097
0.8 0.005521882890887397
0.8100000000000001 0.0005203625218026531
0.8200000000000001 -0.003658916109437804
0.8300000000000001 -0.00705330873099097
0.8400000000000001 -0.009723911663757967
0.8500000000000001 -0.01173768400966146
0.8600000000000001 -0.01317108809169376
0.8700000000000001 -0.01413303366039909
0.8800000000000001 -0.01479757618479027
0.8900000000000001 -0.01540357383135316
0.9000000000000001 -0.01619671943320711
0.9100000000000001 -0.0173723517801978
0.9200000000000002 -0.01906160425878856
0.93 -0.02132906401995083
0.9400000000000001 -0.02417747581312479
0.9500000000000001 -0.02758283347102086
0.9600000000000001 -0.03152680908246097
0.9700000000000001 -0.03598306649653171
0.9800000000000001 -0.04087290870555638
0.99 -0.04603199253342183
1 -0.05121848588638311
1.01 -0.05618182562033969
1.02 -0.06075387785072373
1.03 -0.06487750830433736
1.04 -0.06856432070494378
1.05 -0.07184927762910487
1.06 -0.0747671969995416
1.07 -0.077331751034178
1.08 -0.07953796832538806
1.09 -0.08139573521651577
1.1 -0.08292314524686351
1.11 -0.08410472709376648
1.12 -0.08490482323066662
1.13 -0.08530637355334836
1.14 -0.08530353929887102
1.15 -0.08489768775623929
1.16 -0.08412569569817929
1.17 -0.08305684038431593
1.18 -0.08175792170772223
1.19 -0.08027325412138797
1.2 -0.07860727493419617
1.21 -0.0767094226339875
1.22 -0.07449678595657083
1.23 -0.07189953089171119
1.24 -0.0688942588067869
1.25 -0.0655180592684097
1.26 -0.06184089316210528
1.27 -0.05791096625106462
1.28 -0.0537432131407547
1.29 -0.04934710587238822
1.3 -0.04472525127037841
1.31 -0.03983503817222722
1.32 -0.03456227021039648
1.33 -0.02872644989746043
1.34 -0.02212232452584928
