0 33.562473576251584007 687.15861973697974463 -0.28410265283850577589 0
0.010000000000000000208 39.648431304619343507 706.75419898878760705 -0.28044551238323395248 0
0.020000000000000000416 46.185727579459012304 726.19588753673815518 -0.27693589949164498787 0
0.02999999999999999889 53.212424666099401804 744.80730843502476546 -0.27368485519035062881 0
0.040000000000000000833 60.745809460954973247 761.85383901763987069 -0.27076800834277847674 0
0.050000000000000002776 68.767234598170020377 776.52525680235351047 -0.26822112014840876482 0
0.05999999999999999778 77.207063964746168949 787.93046089615484107 -0.26603994162909572196 0
0.070000000000000006661 85.929894662102441316 795.11305488185269041 -0.26418417099849911267 0
0.080000000000000001665 94.724383262507259928 797.08914937386930433 -0.26258849568796099883 0
0.089999999999999996669 103.30066065031783751 792.90060013651259396 -0.26117939806509710143 0
0.10000000000000000555 111.29605971117304364 781.67059384768799646 -0.25989041577639471203 0
0.11000000000000000056 118.28958429448235279 762.65329982297566858 -0.25867043311098469882 0
0.11999999999999999556 123.82586323265005035 735.28156453083272481 -0.25748526462225940215 0
0.13000000000000000444 127.44816207303718159 699.22645994042136408 -0.25631505702107915123 0
0.14000000000000001332 128.73699157102262802 654.47434377843580933 -0.25514541907206905735 0
0.14999999999999999445 127.34910847055171246 601.40635487081408428 -0.25394327846449304964 0
0.16000000000000000333 123.05608770303504684 540.86900794876453347 -0.25261666212917088803 0
0.17000000000000001221 115.79010063536618702 474.24495509196026433 -0.25098168965943007391 0
0.17999999999999999334 105.69946467743247354 403.5218819860270969 -0.24877108308898346345 0
0.19000000000000000222 93.196791264288904699 331.31248649020352559 -0.24570275719168924167 0
0.2000000000000000111 78.972270310234080171 260.73759199475307469 -0.24160776618554483108 0
0.20999999999999999223 63.949515618189515465 195.0888836950459222 -0.2365949672439793261 0
0.22000000000000000111 49.166311918356100819 137.28613333556788234 -0.23116089337210143917 0
0.23000000000000000999 35.585448824376307186 89.320121867324004938 -0.22608794325943504244 0
0.23999999999999999112 23.905035293739704372 51.953075394138920728 -0.22209717966474951112 0
0.25 0 0 -0.21950505906140496681 0
0.26000000000000000888 0 0 -0.21817342868000649814 0
0.27000000000000001776 0 0 -0.21772143264499696502 0
0.28000000000000002665 0 0 -0.21775450913927046903 0
0.28999999999999998002 0 0 -0.21797889961290253802 0
0.2999999999999999889 0 0 -0.21822171951952415436 0
0.30999999999999999778 0 0 -0.21840662919230832695 0
0.32000000000000000666 0 0 -0.21851774089752873387 0
0.33000000000000001554 0 0 -0.21856840840177085838 0
0.34000000000000002442 0 0 -0.21858045328174979804 0
0.35000000000000003331 0 0 -0.21857330471799843452 0
0.35999999999999998668 0 0 -0.21856016190330529447 0
0.36999999999999999556 0 0 -0.21854809086090318249 0
0.38000000000000000444 0 0 -0.21853971926970106043 0
0.39000000000000001332 0 0 -0.21853513364977608657 0
0.4000000000000000222 0 0 -0.21853334818183664523 0
0.41000000000000003109 0 0 -0.21853320037802720366 0
0.41999999999999998446 0 0 -0.21853376848517358511 0
0.42999999999999999334 0 0 -0.21853447883421400766 0
0.44000000000000000222 0 0 -0.21853505623377927902 0
0.4500000000000000111 0 0 -0.21853542295700545406 0
0.46000000000000001998 0 0 -0.2185356037630395154 0
0.47000000000000002887 0 0 -0.21853565903687738325 0
0.47999999999999998224 0 0 -0.21853564757677651498 0
0.48999999999999999112 0 0 -0.21853561166097607016 0
0.5 0 0 -0.21853557534066439527 0
0.51000000000000000888 0 0 -0.2185355486533561431 0
0.52000000000000001776 0 0 -0.21853553314336582325 0
0.53000000000000002665 0 0 -0.21853552643231280439 0
0.54000000000000003553 0 0 -0.21853552516425886476 0
0.55000000000000004441 0 0 -0.2185355264852313073 0
0.56000000000000005329 0 0 -0.21853552851853177974 0
0.57000000000000006217 0 0 -0.21853553029725503176 0
0.57999999999999996003 0 0 -0.21853553149095134023 0
0.58999999999999996891 0 0 -0.21853553212106310855 0
0.5999999999999999778 0 0 -0.21853553234850889297 0
0.60999999999999998668 0 0 -0.21853553234836384234 0
0.61999999999999999556 0 0 -0.2185355322543080514 0
0.63000000000000000444 0 0 -0.21853553214686399775 0
0.64000000000000001332 0 0 -0.21853553206288392485 0
0.6500000000000000222 0 0 -0.21853553201124942262 0
0.66000000000000003109 0 0 -0.21853553198689931736 0
0.67000000000000003997 0 0 -0.21853553198038241923 0
0.68000000000000004885 0 0 -0.21853553198298547589 0
0.69000000000000005773 0 0 -0.21853553198865091622 0
0.70000000000000006661 0 0 -0.21853553199405184593 0
0.7100000000000000755 0 0 -0.21853553199788625094 0
0.72000000000000008438 0 0 -0.21853553200003941748 0
0.73000000000000009326 0 0 -0.21853553200091757613 0
0.74000000000000010214 0 0 -0.21853553200103248422 0
0.75000000000000011102 0 0 -0.21853553200080133578 0
0.7600000000000001199 0 0 -0.21853553200048969618 0
0.77000000000000001776 0 0 -0.21853553200022893255 0
0.78000000000000002665 0 0 -0.21853553200005954027 0
0.79000000000000003553 0 0 -0.2185355319999735535 0
0.80000000000000004441 0 0 -0.2185355319999451873 0
0.81000000000000005329 0 0 -0.21853553199994826817 0
0.82000000000000006217 0 0 -0.21853553199996350598 0
0.83000000000000007105 0 0 -0.21853553199997963197 0
0.84000000000000007994 0 0 -0.21853553199999176115 0
0.85000000000000008882 0 0 -0.2185355319999989776 0
0.8600000000000000977 0 0 -0.21853553200000222501 0
0.87000000000000010658 0 0 -0.21853553200000294665 0
0.88000000000000011546 0 0 -0.21853553200000247481 0
0.89000000000000012434 0 0 -0.21853553200000161438 0
0.90000000000000013323 0 0 -0.21853553200000080947 0
0.91000000000000014211 0 0 -0.21853553200000025436 0
0.92000000000000015099 0 0 -0.2185355319999999768 0
0.93000000000000004885 0 0 -0.21853553199999986578 0
0.94000000000000005773 0 0 -0.21853553199999983803 0
0.95000000000000006661 0 0 -0.21853553199999989354 0
0.9600000000000000755 0 0 -0.21853553199999994905 0
0.97000000000000008438 0 0 -0.21853553200000000456 0
0.98000000000000009326 0 0 -0.21853553200000003232 0
0.98999999999999999112 0 0 -0.21853553200000006007 0
1 0 0 -0.21853553200000008783 0
1.0100000000000000089 0 0 -0.21853553200000008783 0
1.0200000000000000178 0 0 -0.21853553200000008783 0
1.0300000000000000266 0 0 -0.21853553200000008783 0
1.0400000000000000355 0 0 -0.21853553200000008783 0
1.0500000000000000444 0 0 -0.21853553200000008783 0
1.0600000000000000533 0 0 -0.21853553200000008783 0
1.0700000000000000622 0 0 -0.21853553200000008783 0
1.0800000000000000711 0 0 -0.21853553200000008783 0
1.0900000000000000799 0 0 -0.21853553200000008783 0
1.1000000000000000888 0 0 -0.21853553200000008783 0
1.1100000000000000977 0 0 -0.21853553200000008783 0
1.1200000000000001066 0 0 -0.21853553200000008783 0
1.1300000000000001155 0 0 -0.21853553200000008783 0
1.1400000000000001243 0 0 -0.21853553200000008783 0
1.1500000000000001332 0 0 -0.21853553200000008783 0
1.1600000000000001421 0 0 -0.21853553200000008783 0
1.170000000000000151 0 0 -0.21853553200000008783 0
1.1800000000000001599 0 0 -0.21853553200000008783 0
1.1900000000000001688 0 0 -0.21853553200000008783 0
1.2000000000000001776 0 0 -0.21853553200000008783 0
1.2099999999999999645 0 0 -0.21853553200000008783 0
1.2200000000000001954 0 0 -0.21853553200000008783 0
1.2299999999999999822 0 0 -0.21853553200000008783 0
1.2399999999999999911 0 0 -0.21853553200000008783 0
1.25 0 0 -0.21853553200000008783 0
1.2600000000000000089 0 0 -0.21853553200000008783 0
1.2700000000000000178 0 0 -0.21853553200000008783 0
1.2800000000000000266 0 0 -0.21853553200000008783 0
1.2900000000000000355 0 0 -0.21853553200000008783 0
1.3000000000000000444 0 0 -0.21853553200000008783 0
1.3100000000000000533 0 0 -0.21853553200000008783 0
1.3200000000000000622 0 0 -0.21853553200000008783 0
1.3300000000000000711 0 0 -0.21853553200000008783 0
1.3400000000000000799 0 0 -0.21853553200000008783 0
