0 1.392498803234505
0.01 1.407496857954668
0.02 1.42196910717726
0.03 1.435103756922906
0.04 1.446076614653404
0.05 1.454171963460351
0.06 1.45888437036191
0.07000000000000001 1.459958670082159
0.08 1.457333926447575
0.09 1.451033504473126
0.1 1.441092237960988
0.11 1.427524232090239
0.12 1.410278311744518
0.13 1.389224772804676
0.14 1.364257686910785
0.15 1.335467669837484
0.16 1.303260638424612
0.17 1.268378888159475
0.18 1.231864164424664
0.19 1.195019438890715
0.2 1.159384773893812
0.21 1.126649904414808
0.22 1.098458526256231
0.23 1.076187210630009
0.24 1.060751234928932
0.25 1.052445016319507
0.26 1.050907549400825
0.27 1.055254516265923
0.28 1.064287777201122
0.29 1.076711316337178
0.3 1.091317600072791
0.31 1.107117344870412
0.32 1.123413798268143
0.33 1.139797745735716
0.34 1.156067300609195
0.35 1.172133048737136
0.36 1.187927793893813
0.37 1.203319873358326
0.38 1.218076759266736
0.39 1.231919276914509
0.4 1.244612292135688
0.41 1.256002424592302
0.42 1.265987891279488
0.43 1.274460008144358
0.44 1.281260595787161
0.45 1.286180880275663
0.46 1.289008322587672
0.47 1.289600430429544
0.48 1.287900019968679
0.49 1.283863571565798
0.5 1.27743706455377
0.51 1.268626706872895
0.52 1.257575246767529
0.53 1.244668890922561
0.54 1.230629013017537
0.55 1.21641261225277
0.5600000000000001 1.202958637001898
0.5700000000000001 1.190985678422232
0.58 1.180986451670718
0.59 1.173346880960688
0.6 1.168304355830744
0.61 1.165710367732362
0.62 1.164938567590256
0.63 1.165074195201919
0.64 1.165143473658868
0.65 1.164184325506755
0.66 1.161239100932307
0.67 1.155456005486067
0.68 1.146331855360611
0.6900000000000001 1.134009628449162
0.7000000000000001 1.119530032316849
0.7100000000000001 1.104868865192807
0.7200000000000001 1.092548517007906
0.7300000000000001 1.084851059219561
0.7400000000000001 1.083129398423798
0.7500000000000001 1.087651469381028
0.7600000000000001 1.097815360444344
0.77 1.112464031088888
0.78 1.130251100248097
0.79 1.149895321343121
0.8 1.17019857897382
0.8100000000000001 1.190051948948569
0.8200000000000001 1.208574569192284
0.8300000000000001 1.225203820945404
0.8400000000000001 1.239653687465617
0.8500000000000001 1.251864227070359
0.8600000000000001 1.262001575982804
0.8700000000000001 1.270447776931088
0.8800000000000001 1.277719526706804
0.8900000000000001 1.284330336072091
0.9000000000000001 1.290648516152259
0.9100000000000001 1.296809917896962
0.9200000000000002 1.302744619346471
0.93 1.308284436191535
0.9400000000000001 1.313259844109578
0.9500000000000001 1.317580963552295
0.9600000000000001 1.321310916436067
0.9700000000000001 1.324665500310915
0.9800000000000001 1.32792165424646
0.99 1.331317774603232
1 1.335029639352892
1.01 1.339234654213636
1.02 1.344174024858225
1.03 1.350106390753026
1.04 1.357180581841766
1.05 1.365361601945103
1.06 1.374490553965598
1.07 1.384380939561527
1.08 1.394812322453426
1.09 1.405475554851942
1.1 1.415967444987305
1.11 1.425822723137059
1.12 1.434565186663183
1.13 1.441755830768817
1.14 1.447015521110705
1.15 1.450034056786052
1.16 1.450590039434068
1.17 1.448591593755384
1.18 1.444094964343617
1.19 1.437248952021502
1.2 1.428177386580259
1.21 1.416889804330268
1.22 1.403283541230865
1.23 1.387164751751927
1.24 1.368245873586437
1.25 1.346192695450766
1.26 1.320725538440637
1.27 1.291721584671532
1.28 1.259310397298023
1.29 1.223953143303027
1.3 1.186490202911806
1.31 1.148139057090747
1.32 1.110394243507808
1.33 1.074852963096502
1.34 1.043061838760615
