0 -0.2440678702342661
0.01 -0.2338040589329439
0.02 -0.223595842502031
0.03 -0.2134016277188278
0.04 -0.2031637050741683
0.05 -0.1928242933424762
0.06 -0.1823336994483292
0.07000000000000001 -0.1716538189883291
0.08 -0.1607581902630783
0.09 -0.1496312497179423
0.1 -0.1382684197802255
0.11 -0.1266755052241026
0.12 -0.1148659771489112
0.13 -0.1028583517449872
0.14 -0.09067589647928657
0.15 -0.07834776068845384
0.16 -0.06591039165316312
0.17 -0.05340796002988717
0.18 -0.04088985407088907
0.19 -0.02840622007836594
0.2 -0.01600511429868682
0.21 -0.003731061361581415
0.22 0.008378239357681273
0.23 0.02029561637782204
0.24 0.0320052492371314
0.25 0.04350087105091976
0.26 0.05478208990001003
0.27 0.06584942471438905
0.28 0.07669914116361634
0.29 0.08732066991791375
0.3 0.09770091446192654
0.31 0.10783389856747
0.32 0.1177282185293362
0.33 0.1274077563087066
0.34 0.1369073072419194
0.35 0.1462669632662598
0.36 0.1555273303696149
0.37 0.1647261779080267
0.38 0.1738966540069735
0.39 0.1830671624716398
0.4 0.1922624523616546
0.41 0.2015038116180521
0.42 0.2108081070206449
0.43 0.220187660975263
0.44 0.2296498534464529
0.45 0.2391957718570711
0.46 0.248820809361863
0.47 0.2585170390474242
0.48 0.2682747709585436
0.49 0.2780833690500577
0.5 0.287932686587303
0.51 0.297815330105383
0.52 0.3077284042759812
0.53 0.317673113697283
0.54 0.3276519723614842
0.55 0.3376664061848256
0.5600000000000001 0.3477181632652484
0.5700000000000001 0.3578128295673497
0.58 0.3679611164462609
0.59 0.3781772491143686
0.6 0.3884763255340088
0.61 0.3988715655243312
0.62 0.4093721979256487
0.63 0.4199835292859038
0.64 0.4307098353511218
0.65 0.4415591494739361
0.66 0.452546621665867
0.67 0.4636941402078323
0.68 0.4750280772787187
0.6900000000000001 0.4865744316318498
0.7000000000000001 0.4983509827945599
0.7100000000000001 0.5103626450510725
0.7200000000000001 0.5226022641503371
0.7300000000000001 0.5350515352187692
0.7400000000000001 0.5476787980857857
0.7500000000000001 0.5604371725862481
0.7600000000000001 0.5732682452440832
0.77 0.5861087908960869
0.78 0.5988947207677567
0.79 0.6115647466461041
0.8 0.6240667080708937
0.8100000000000001 0.6363615051690833
0.8200000000000001 0.6484210259766967
0.8300000000000001 0.6602242133115871
0.8400000000000001 0.6717559630241705
0.8500000000000001 0.6830069840980341
0.8600000000000001 0.6939731323284066
0.8700000000000001 0.7046582929867811
0.8800000000000001 0.7150802097263738
0.8900000000000001 0.7252725331544033
0.9000000000000001 0.7352796888473434
0.9100000000000001 0.7451472914269376
0.9200000000000002 0.7549144077137844
0.93 0.7646121535050661
0.9400000000000001 0.7742682620310591
0.9500000000000001 0.7839123324534538
0.9600000000000001 0.7935750659429345
0.9700000000000001 0.8032823007622472
0.9800000000000001 0.8130505550777662
0.99 0.8228863250368423
1 0.8327879839936633
1.01 0.8427502122996644
1.02 0.8527684954746897
1.03 0.8628397404981829
1.04 0.8729587097353675
1.05 0.8831155737976958
1.06 0.8932993823099497
1.07 0.90350290064737
1.08 0.9137252253904876
1.09 0.9239735261653209
1.1 0.9342593894120848
1.11 0.9445914930632826
1.12 0.9549746914762395
1.13 0.965414190437121
1.14 0.9759182381921919
1.15 0.9865006924335383
1.16 0.9971842515278503
1.17 1.007999583371265
1.18 1.018978527157589
1.19 1.030146168932609
1.2 1.041516594382224
1.21 1.053091254201466
1.22 1.064859619222318
1.23 1.076806055289178
1.24 1.088920460423801
1.25 1.101203245987242
1.26 1.1136605714687
1.27 1.126296686780819
1.28 1.139110530820378
1.29 1.152095039751236
1.3 1.165237509370932
1.31 1.178520052102343
1.32 1.191910381207632
1.33 1.205327461022714
1.34 1.218575569996983
