0 -4.466598544227178
0.01 -4.47037909641299
0.02 -4.473949009888379
0.03 -4.477046276124162
0.04 -4.479446500641935
0.05 -4.481010076170677
0.06 -4.481710016135851
0.07000000000000001 -4.481596057245538
0.08 -4.480723440738694
0.09 -4.47913607672246
0.1 -4.476905147231331
0.11 -4.474145465006226
0.12 -4.47100771752342
0.13 -4.467676798973227
0.14 -4.464365286079947
0.15 -4.461294132394229
0.16 -4.458651239291719
0.17 -4.456538706836757
0.18 -4.454954874475168
0.19 -4.453810059661172
0.2 -4.452949127999178
0.21 -4.452189278347856
0.22 -4.451355147545791
0.23 -4.450278846435181
0.24 -4.448796582511951
0.25 -4.446783069874034
0.26 -4.444194200712256
0.27 -4.441071673069776
0.28 -4.437511053723678
0.29 -4.433614194881624
0.3 -4.429455990031104
0.31 -4.425091848571101
0.32 -4.420581352257683
0.33 -4.415986500734278
0.34 -4.411351334557552
0.35 -4.40670022741888
0.36 -4.402058650741719
0.37 -4.397467091936625
0.38 -4.392979540355246
0.39 -4.388655879468395
0.4 -4.384553221631078
0.41 -4.380721699370096
0.42 -4.377197876431413
0.43 -4.373992635068986
0.44 -4.371098403721773
0.45 -4.368514636538612
0.46 -4.366249808511826
0.47 -4.364298930779932
0.48 -4.362640309064169
0.49 -4.361256372877496
0.5 -4.360138286608469
0.51 -4.359259665721337
0.52 -4.358553120025575
0.53 -4.357922598674545
0.54 -4.357283410383277
0.55 -4.356596525142436
0.5600000000000001 -4.355869494400037
0.5700000000000001 -4.355129063281374
0.58 -4.354395910174064
0.59 -4.35367501951162
0.6 -4.352967787286158
0.61 -4.352299976526107
0.62 -4.351732266117395
0.63 -4.351343694058702
0.64 -4.351207683328586
0.65 -4.351373375250596
0.66 -4.351855329297204
0.67 -4.352627950622746
0.68 -4.353621984197299
0.6900000000000001 -4.354740076314421
0.7000000000000001 -4.355903683551428
0.7100000000000001 -4.357100696825892
0.7200000000000001 -4.358389741646061
0.7300000000000001 -4.359849278646052
0.7400000000000001 -4.361523871550958
0.7500000000000001 -4.36343005807283
0.7600000000000001 -4.365573027639126
0.77 -4.367913425784174
0.78 -4.370354925470979
0.79 -4.372805424983539
0.8 -4.375242369167621
0.8100000000000001 -4.377730273987583
0.8200000000000001 -4.380404898443226
0.8300000000000001 -4.383428028172981
0.8400000000000001 -4.386927549509196
0.8500000000000001 -4.390974478932554
0.8600000000000001 -4.395601368611453
0.8700000000000001 -4.400800425863219
0.8800000000000001 -4.406486408402842
0.8900000000000001 -4.412475602738577
0.9000000000000001 -4.418521683767048
0.9100000000000001 -4.42439918606228
0.9200000000000002 -4.42997102856044
0.93 -4.43518958499661
0.9400000000000001 -4.440038018682757
0.9500000000000001 -4.444465878286084
0.9600000000000001 -4.448384117532292
0.9700000000000001 -4.451714939088364
0.9800000000000001 -4.454434849890047
0.99 -4.456585457631389
1 -4.458281207186285
1.01 -4.459709943798597
1.02 -4.461081535994518
1.03 -4.462565295422774
1.04 -4.46428637569749
1.05 -4.466342505046502
1.06 -4.468791392024271
1.07 -4.471630873072229
1.08 -4.474789452913608
1.09 -4.478132109587882
1.1 -4.481498893263128
1.11 -4.484761480077267
1.12 -4.487847042927742
1.13 -4.490709264916585
1.14 -4.4932836587064
1.15 -4.495472650350947
1.16 -4.497163642937177
1.17 -4.498266714177146
1.18 -4.498749021370826
1.19 -4.498620587844891
1.2 -4.497894866497052
1.21 -4.496605343136395
1.22 -4.494856172451955
1.23 -4.492805094858346
1.24 -4.490580641241806
1.25 -4.488238785330996
1.26 -4.485796023717777
1.27 -4.483278431146022
1.28 -4.480738535584284
1.29 -4.478236443384123
1.3 -4.475799009175867
1.31 -4.473374324747935
1.32 -4.470809012106638
1.33 -4.467894405216927
1.34 -4.464479705122962
