0 0 0 0.80212986899999938473 0
0.010000000000000000208 0 0 0.80212986899999871859 0
0.020000000000000000416 0 0 0.80212986899999783041 0
0.02999999999999999889 0 0 0.80212986899999672019 0
0.040000000000000000833 0 0 0.80212986899999583201 0
0.050000000000000002776 0 0 0.8021298689999962761 0
0.05999999999999999778 0 0 0.80212986899999938473 0
0.070000000000000006661 0 0 0.80212986900000715629 0
0.080000000000000001665 0 0 0.8021298690000211451 0
0.089999999999999996669 0 0 0.80212986900004090707 0
0.10000000000000000555 0 0 0.80212986900006200131 0
0.11000000000000000056 0 0 0.80212986900007221536 0
0.11999999999999999556 0 0 0.80212986900004956681 0
0.13000000000000000444 0 0 0.80212986899996208123 0
0.14000000000000001332 0 0 0.80212986899977456456 0
0.14999999999999999445 0 0 0.80212986899946736585 0
0.16000000000000000333 0 0 0.80212986899907101623 0
0.17000000000000001221 0 0 0.80212986899871774327 0
0.17999999999999999334 0 0 0.80212986899869975765 0
0.19000000000000000222 0 0 0.80212986899950600161 0
0.2000000000000000111 0 0 0.80212986900178173677 0
0.20999999999999999223 0 0 0.80212986900613003627 0
0.22000000000000000111 0 0 0.80212986901265681539 0
0.23000000000000000999 0 0 0.80212986902019434154 0
0.23999999999999999112 0 0 0.80212986902525384991 0
0.25 0 0 0.80212986902100313902 0
0.26000000000000000888 0 0 0.80212986899697735765 0
0.27000000000000001776 0 0 0.80212986894075122279 0
0.28000000000000002665 0 0 0.80212986884327186488 0
0.28999999999999998002 0 0 0.80212986870957325714 0
0.2999999999999999889 0 0 0.8021298685755247071 0
0.30999999999999999778 0 0 0.80212986852824730288 0
0.32000000000000000666 0 0 0.80212986872207259204 0
0.33000000000000001554 0 0 0.80212986937327124259 0
0.34000000000000002442 0 0 0.80212987070679842017 0
0.35000000000000003331 0 0 0.80212987282160796987 0
0.35999999999999998668 0 0 0.80212987544674074769 0
0.36999999999999999556 0 0 0.80212987759224119166 0
0.38000000000000000444 0 0 0.8021298771734741706 0
0.39000000000000001332 0 0 0.80212987081656350608 0
0.4000000000000000222 0 0 0.80212985422976257333 0
0.41000000000000003109 0 0 0.80212982370304120039 0
0.41999999999999998446 0 0 0.80212977936056162331 0
0.42999999999999999334 0 0 0.80212973053355063335 0
0.44000000000000000222 0 0 0.8021297027578780936 0
0.4500000000000000111 0 0 0.80212974413358717474 0
0.46000000000000001998 0 0 0.80212992598196564131 0
0.47000000000000002887 0 0 0.80213032925909144577 0
0.47999999999999998224 0 0 0.80213100534541159625 0
0.48999999999999999112 0 0 0.80213190039125903397 0
0.5 0 0 0.80213274082800611886 0
0.51000000000000000888 0 0 0.80213289963787604009 0
0.52000000000000001776 0 0 0.80213130342273242235 0
0.53000000000000002665 0 0 0.80212649905020572128 0
0.54000000000000003553 0 0 0.80211706330916388019 0
0.55000000000000004441 0 0 0.80210257573077559101 0
0.56000000000000005329 0 0 0.80208531979325536909 0
0.57000000000000006217 0 0 0.80207263665013162068 0
0.57999999999999996003 0 0 0.80207932110152824201 0
0.58999999999999996891 0 0 0.80212855381001113564 0
0.5999999999999999778 0 0 0.80224867828316026586 0
0.60999999999999998668 0 0 0.80246201859630472697 0
0.61999999999999999556 0 0 0.80276172515207233626 0
0.63000000000000000444 0 0 0.80307475309861420243 0
0.64000000000000001332 0 0 0.80321544607109274239 0
0.6500000000000000222 0 0 0.80284670083644127381 0
0.66000000000000003109 0 0 0.80148488056083566633 0
0.67000000000000003997 0 0 0.79860749637965233738 0
0.68000000000000004885 0 0 0.79393945790622877379 0
0.69000000000000005773 -1.6233197015777176553 80.755234934704887451 0.78798479883905858667 0
0.70000000000000006661 -6.4870808926268619388 116.49007052562139108 0.78241226135074115611 0
0.7100000000000000755 -13.775206147954721203 157.78328949825564109 0.77940584324029194008 0
0.72000000000000008438 -23.371363058228208587 203.64344515621243659 0.78022955704582619418 0
0.73000000000000009326 -34.687589407142162656 253.21783040005246335 0.78453376993133050465 0
0.74000000000000010214 -46.856394998843434507 305.60773270476471453 0.79087677927849930892 0
0.75000000000000011102 -58.963742229175387877 359.66492028442320361 0.79763603463257493065 0
0.7600000000000001199 -70.197615014767706043 414.04239692913910176 0.80363794485434336679 0
0.77000000000000001776 -79.92929614062805399 467.36874680567052565 0.80834017593324614115 0
0.78000000000000002665 -87.745387609813192853 518.35754358961435173 0.81170716525965436183 0
0.79000000000000003553 -93.420867854237584993 565.8076907155364097 0.8139925717944516137 0
0.80000000000000004441 -96.880867910289182987 608.56803466497399313 0.81556061475939189975 0
0.81000000000000005329 -98.196826979937455349 645.57205915317763356 0.81678537944142148852 0
0.82000000000000006217 -97.586881004055356925 675.97432495612099501 0.81799332866119600638 0
0.83000000000000007105 -95.381675477785364592 699.29876376511197122 0.81942062440607976725 0
0.84000000000000007994 -91.96488336242123296 715.47997890312251457 0.82119626162109715661 0
0.85000000000000008882 -87.716667516628106682 724.77733842716395429 0.8233613244406554621 0
0.8600000000000000977 -82.971108083336829964 727.64791409792201193 0.82590703460957326509 0
0.87000000000000010658 -77.988872576329583808 724.66488252665146774 0.82880466633380567298 0
0.88000000000000011546 -72.952230605443631362 716.485966663953036 0.83202274209472015798 0
0.89000000000000012434 -67.979318549561369878 703.83374130740219243 0.83554009146531382779 0
0.90000000000000013323 -63.138785092404717147 687.48543341557024178 0.8393499373832061794 0
0.91000000000000014211 -58.45695784118080951 668.29050163539784535 0.84344869740499095467 0
0.92000000000000015099 -53.92654785375975024 647.19933710913642244 0.84781877268617678034 0
0.93000000000000004885 -49.520987077635417961 625.26300346601112778 0.85241888068125915012 0
0.94000000000000005773 -45.208940942647281247 603.58661911036028869 0.85718441415360802083 0
0.95000000000000006661 -40.96515411653846428 583.25298740679772891 0.86203045278125778328 0
0.9600000000000000755 -36.777068628560961372 565.24276497034304612 0.8668542958792925246 0
0.97000000000000008438 -32.645638306404151763 550.36607724118653096 0.87154160004416370011 0
0.98000000000000009326 -28.579862390351784995 539.21253986990927842 0.87597834876773961188 0
0.98999999999999999112 -24.589375258815699965 532.12696423833801873 0.88006734107277673207 0
1 -20.68105456866525671 529.2132890898782307 0.88374622268274394266 0
1.0100000000000000089 -16.861603507079458097 530.35943398670281113 0.88700306121093641654 0
1.0200000000000000178 -13.141953063093069431 535.27377135311769507 0.88988476560368001689 0
1.0300000000000000266 -9.5363745801296513349 543.53061613893783033 0.89249182164667661965 0
1.0400000000000000355 -6.0526320199929966037 554.62554457316548451 0.89495541669527955975 0
1.0500000000000000444 -2.6767911344593926515 568.03693417699764723 0.89740282455688102914 0
1.0600000000000000533 0.63846137905694100301 583.28442886074174112 0.89992401910592212388 0
1.0700000000000000622 3.9764949822051329775 599.97341070872289492 0.90255058110593910925 0
1.0800000000000000711 7.4531880629559417173 617.81433235667282133 0.90525102372171351028 0
1.0900000000000000799 11.211228037629085819 636.60699269342364914 0.90794080173524960298 0
1.1000000000000000888 15.410334660641273885 656.1905871989941943 0.91050384808249784641 0
1.1100000000000000977 20.211014597963568917 676.37405425263943926 0.91282293673933356803 0
1.1200000000000001066 25.756576620574804792 696.86280557080715425 0.91481282461506374659 0
1.1300000000000001155 32.157629565976947106 717.19617339196247485 0.91644308069901869729 0
1.1400000000000001243 39.479089408357658897 736.71320864182041532 0.91773875362190737714 0
1.1500000000000001332 47.730233669886828807 754.56101648643414137 0.91876239137645343558 0
1.1600000000000001421 56.856518861204087045 769.74670036516556593 0.91959262816047526723 0
1.170000000000000151 66.732966642323106043 781.21875346368665305 0.92030848926757202744 0
1.1800000000000001599 77.161248683331493226 787.95332647840655227 0.92097921023337836477 0
1.1900000000000001688 87.871357157989848474 789.02316944888605121 0.92165873003979881251 0
1.2000000000000001776 98.528639171626551274 783.64013000276690946 0.92238282329744603061 0
1.2099999999999999645 108.74332238759325264 771.17329159960956986 0.92316541302369747868 0
1.2200000000000001954 118.07550782560716129 751.14980987673118307 0.92399572074866154203 0
1.2299999999999999822 126.03275607364879818 723.2485680232022105 0.9248411340773523559 0
1.2399999999999999911 132.065400854010079 687.29916847815104575 0.92565818532322641232 0
1.25 135.5700838620098807 643.30013756144035142 0.9264151308681419783 0
1.2600000000000000089 135.9140980113355397 591.4695345216930491 0.92713147159094400074 0
1.2700000000000000178 132.4929597927219902 532.32951286356853871 0.92792976610388155922 0
1.2800000000000000266 124.827657914670624 466.80042922925292714 0.92908324865162017492 0
1.2900000000000000355 112.69042634281105109 396.26631005773754168 0.93104098924824674199 0
1.3000000000000000444 96.225806781636180176 322.58758200526938253 0.93440377142108588249 0
1.3100000000000000533 76.029061765217079483 248.04141167101803944 0.93980066286814767373 0
1.3200000000000000622 53.153372466018524278 175.15580491332548263 0.94762867757886037889 0
1.3300000000000000711 29.008196493079662304 106.44419291364053493 0.95772558690948150772 0
1.3400000000000000799 5.1541095852330194305 44.162185415101710362 0.96918676200803621779 0
