0 1.187460623597039
0.01 1.180233629270337
0.02 1.172901527584975
0.03 1.166015935100207
0.04 1.159994252432345
0.05 1.154908483630042
0.06 1.150395953424714
0.07000000000000001 1.145701398339621
0.08 1.139830202267095
0.09 1.131789036675424
0.1 1.120898028170854
0.11 1.107132726433687
0.12 1.091356038549997
0.13 1.075252504161617
0.14 1.060907692203674
0.15 1.050265338024321
0.16 1.04475984130441
0.17 1.04511771606305
0.18 1.051259272086341
0.19 1.062391329465211
0.2 1.077273405398714
0.21 1.094504435666049
0.22 1.112741805111325
0.23 1.130841276006653
0.24 1.147921378455994
0.25 1.163363728589111
0.26 1.176795745167504
0.27 1.188105787740286
0.28 1.197450844972851
0.29 1.205189119249503
0.3 1.21176681275173
0.31 1.217619437690264
0.32 1.223101759639047
0.33 1.228449994195842
0.34 1.233777493397641
0.35 1.239089628680791
0.36 1.244311976354319
0.37 1.249337771729905
0.38 1.254083746366375
0.39 1.258528169568137
0.4 1.262718454434726
0.41 1.266756498860275
0.42 1.270776876512969
0.43 1.274934121965674
0.44 1.279400859633466
0.45 1.284355624479429
0.46 1.28995489919595
0.47 1.296312335893512
0.48 1.303495867596256
0.49 1.311531491419563
0.5 1.320411159108272
0.51 1.330106379332407
0.52 1.340564395645125
0.53 1.351673544946172
0.54 1.363226925658511
0.55 1.374917672106361
0.5600000000000001 1.386376413602847
0.5700000000000001 1.397226262036224
0.58 1.407115771997491
0.59 1.415729019360469
0.6 1.422793804759679
0.61 1.428094188831695
0.62 1.431486874385895
0.63 1.4329177608182
0.64 1.432418783690527
0.65 1.430059343613753
0.66 1.425857471316645
0.67 1.419690465966741
0.68 1.411241236622498
0.6900000000000001 1.399990676385753
0.7000000000000001 1.385252201231717
0.7100000000000001 1.366255112383277
0.7200000000000001 1.342294715494283
0.7300000000000001 1.31294188561743
0.7400000000000001 1.278254492264737
0.7500000000000001 1.238910615214202
0.7600000000000001 1.196235828266277
0.77 1.152148292862335
0.78 1.109008359325427
0.79 1.069338932607311
0.8 1.035447375929421
0.8100000000000001 1.00904841777616
0.8200000000000001 0.9910241737410064
0.8300000000000001 0.9814253109326305
0.8400000000000001 0.979660450041286
0.8500000000000001 0.9847080561356663
0.8600000000000001 0.9953028966920492
0.8700000000000001 1.010149866745449
0.8800000000000001 1.028088991110288
0.8900000000000001 1.048119327572244
0.9000000000000001 1.069384815890284
0.9100000000000001 1.091206625812695
0.9200000000000002 1.113068538120975
0.93 1.134510523094677
0.9400000000000001 1.155061232694602
0.9500000000000001 1.174320340090873
0.9600000000000001 1.192077653805595
0.9700000000000001 1.208280943799006
0.9800000000000001 1.222888914765758
0.99 1.235786462753012
1 1.246808695590567
1.01 1.255794958438891
1.02 1.262606450733217
1.03 1.267099212804357
1.04 1.26909021305258
1.05 1.268374616206582
1.06 1.264807642591646
1.07 1.258372432283558
1.08 1.249169934293553
1.09 1.237396750587835
1.1 1.223399727350485
1.11 1.207781726979572
1.12 1.191455546690701
1.13 1.175545916211132
1.14 1.16114243237398
1.15 1.149053122574706
1.16 1.139689779065125
1.17 1.133071813979393
1.18 1.128855189177789
1.19 1.12634449961346
1.2 1.124565948955244
1.21 1.122460128062624
1.22 1.119139989133785
1.23 1.114141278643888
1.24 1.107600850633194
1.25 1.100316617371131
1.26 1.093663356028997
1.27 1.089319939971877
1.28 1.088831083560353
1.29 1.093130031963476
1.3 1.102215224812165
1.31 1.115192900854022
1.32 1.130665661887697
1.33 1.147142657505301
1.34 1.163227775890995
