0.26000000000000000888 80.139974390360109169 209.67641520028206514 -0.33468631246962565751 0
0.27000000000000001776 67.689219575613080337 194.83939412629891308 -0.33449545587743151343 0
0.28000000000000002665 56.253315000199187068 181.91500087851218836 -0.33456552731617283936 0
0.28999999999999998002 46.1388506767940072 171.26625446683667064 -0.33482226371405127141 0
0.2999999999999999889 37.485994365128874506 163.05924010023696269 -0.33516713779354256886 0
0.30999999999999999778 30.294889903325820768 157.2588044823822031 -0.33551121996312049944 0
0.32000000000000000666 24.468424134484536125 153.65856215782815752 -0.33580607913790427865 0
0.33000000000000001554 19.860973734335747309 151.95118905185208291 -0.33605162255785947512 0
0.34000000000000002442 16.331302122289926615 151.82378068676607086 -0.33628501761699830519 0
0.35000000000000003331 13.790178341539904849 153.03795388978767278 -0.33656638978636277404 0
0.35999999999999998668 12.225791537155609845 155.46439864102868 -0.33696202414757592258 0
0.36999999999999999556 11.699296338564753484 159.07192240802623928 -0.33752742726084705716 0
0.38000000000000000444 12.317825223351560382 163.89186244536742265 -0.33829161841382265896 0
0.39000000000000001332 14.200438812092176732 169.98335336394552542 -0.33924235649516748525 0
0.4000000000000000222 17.451440280142190176 177.41516275801629376 -0.34032472105025463049 0
0.41000000000000003109 22.147067286333935954 186.26055190012263552 -0.34146147765426709819 0
0.41999999999999998446 28.331046483305851069 196.59192195862920016 -0.34258280160164078509 0
0.42999999999999999334 36.009006149263882435 208.46744074913087275 -0.34364274296994523628 0
0.44000000000000000222 45.135224676750453909 221.90794104431745382 -0.34461507710338140642 0
0.4500000000000000111 55.594108009860974562 236.86938992019491934 -0.34548361696424090272 0
0.46000000000000001998 67.186924349282961089 253.22220845341666973 -0.34623687405029390796 0
0.47000000000000002887 79.635156271554336627 270.74111627097062183 -0.34686578344259566542 0
0.47999999999999998224 92.601401529487773701 289.09794720156838821 -0.34736679229507783084 0
0.48999999999999999112 105.71701138917158858 307.85307728422566242 -0.34774545525566397108 0
0.5 118.60468181705431334 326.45481634001231441 -0.34801118033620043191 0
0.51000000000000000888 130.89188841456859791 344.26278494546255615 -0.34816778416351967795 0
0.52000000000000001776 142.21934431741743765 360.599042821870853 -0.34821070056069930443 0
0.53000000000000002665 152.25098528326356018 374.80977878797062885 -0.34813288382255258568 0
0.54000000000000003553 160.68890795466555232 386.31312142697430545 -0.34793273523139262027 0
0.55000000000000004441 167.29177137106563578 394.62364394940698276 -0.34761673119833202961 0
0.56000000000000005329 171.88975114713275616 399.36740406750334387 -0.34719457802250963674 0
0.57000000000000006217 174.3884238539658611 400.30389940845861929 -0.34666947065850162168 0
0.57999999999999996003 174.75991637400719014 397.35183224216530107 -0.34603053072841860605 0
0.58999999999999996891 173.02797439841012306 390.60309643111025935 -0.34525409393479078446 0
0.5999999999999999778 169.2569856526693286 380.3114815724292157 -0.34431131716946183907 0
0.60999999999999998668 163.54860416166525283 366.85420506381183259 -0.34317369436526662385 0
0.61999999999999999556 156.04226967262218295 350.68021628427976566 -0.34181320862980291153 0
0.63000000000000000444 146.91661563959792147 332.26208627655938699 -0.34020400661414756938 0
0.64000000000000001332 136.39229762589644679 312.0580829672938421 -0.33833209341340897414 0
0.6500000000000000222 124.73717802146782674 290.48411071148353813 -0.33620610192131406002 0
0.66000000000000003109 112.2717217808763337 267.89494008185107532 -0.33386122690994185502 0
0.67000000000000003997 99.36650315037047676 244.57742989456147598 -0.33136126376346608513 0
0.68000000000000004885 86.420641998450960841 220.76007952635211495 -0.32879876731735946382 0
0.69000000000000005773 73.817575732041319725 196.63791723739231543 -0.32627541427415757136 0
0.70000000000000006661 61.871143409895893228 172.40652521592349444 -0.32385463223697563695 0
0.70999999999999996447 50.784989333805718559 148.30661503368679632 -0.32151615801689997776 0
0.71999999999999997335 40.63968981536649494 124.69124139334911661 -0.31915381978820711595 0
0.72999999999999998224 31.407962549458098067 102.10730267404950666 -0.31662998945935477701 0
0.73999999999999999112 22.994393391565417062 81.338730504632565044 -0.31386463420871135721 0
0.75 15.29233339875146136 63.356628898260986205 -0.31092520884149543736 0
0.76000000000000000888 8.2406767276192187666 49.183511632600811936 -0.30810370573262518823 0
0.77000000000000001776 1.8636110367304727919 39.735125177680203024 -0.30596232117140992335 0
0.78000000000000002665 -3.7090304111497607309 35.687747862893402839 -0.30525647101511632631 0
0.79000000000000003553 -8.2297522809186762771 37.360024665030287849 -0.30660405124648743014 0
0.80000000000000004441 -11.326247791949368704 44.601406359741119445 -0.31002772065593314776 0
0.81000000000000005329 -12.531477510051304947 56.775352481011978512 -0.31484953980998686696 0
0.82000000000000006217 -11.389148491887832293 72.954866595235102977 -0.32014527189204500246 0
0.83000000000000007105 -7.5937953904382879955 92.257668625185786482 -0.32531567712878484144 0
0.83999999999999996891 -1.0557072989946261199 114.02529859458316253 -0.33026239593337136657 0
0.8499999999999999778 8.1425572246241344487 137.6888670965396102 -0.33512989045914132191 0
0.85999999999999998668 19.79850800397792554 162.57149136785858445 -0.33994884475078523955 0
0.86999999999999999556 33.581144822346907119 187.92544248739918089 -0.34451942878687968896 0
0.88000000000000000444 49.028387508328989952 213.11713682716734297 -0.3485555878134026786 0
0.89000000000000001332 65.612505283577647219 237.72629592117800712 -0.35185865847484992797 0
0.9000000000000000222 82.827947141261944353 261.54369727314946203 -0.35438307114110939589 0
0.91000000000000003109 100.24677446425981486 284.53417189980245894 -0.35621525251042329696 0
0.92000000000000003997 117.53641423185713677 306.76174065810937464 -0.35750951349428133907 0
0.93000000000000004885 134.44230594910564491 328.28801630389330057 -0.35842059158416589293 0
0.94000000000000005773 150.7426962234817438 349.07680262428976903 -0.35906224195190306059 0
0.95000000000000006661 166.19830042353282806 368.92450417969206455 -0.35949884916253260769 0
0.95999999999999996447 180.51808196445648491 387.431707774225913 -0.35975951949614054515 0
0.96999999999999997335 193.35364642853062378 404.02128972840256438 -0.35985585686520937809 0
0.97999999999999998224 204.32355702137752473 418.00158230242220725 -0.3597947809245776174 0
0.98999999999999999112 213.05418267134999155 428.66834919094969791 -0.3595864185851884165 0
1 219.22106221621308464 435.41603145039908895 -0.35924560694309393138 0
1.0100000000000000089 222.58296260276250678 437.81572864080015961 -0.35878794057923169003 0
1.0200000000000000178 223.00390071930149816 435.64197674729302889 -0.35822265669279101941 0
1.0300000000000000266 220.46122808757479561 428.86373303852326444 -0.35754202302731480367 0
1.0400000000000000355 215.04555737911456958 417.62467596748984988 -0.3567116078162811954 0
1.0500000000000000444 206.95832748063259032 402.2283264205480009 -0.35566919303549904274 0
1.0600000000000000533 196.5063859692373569 383.13180663270884452 -0.35433316856269525541 0
1.0700000000000000622 184.09203535606889091 360.93886652054038677 -0.35261961433411392886 0
1.0800000000000000711 170.19788944413105014 336.37568280783659702 -0.3504723790722648058 0
1.0900000000000000799 155.36294563716731432 310.24594106600130772 -0.347904421926920282 0
1.1000000000000000888 140.14492460205414659 283.37162794429389123 -0.3450277415128285563 0
1.1100000000000000977 125.0643566031566678 256.52088169767290537 -0.34204398567794591646 0
1.1200000000000001066 110.53326653676494118 230.32803878903428085 -0.33919352623973808569 0
1.1300000000000001155 96.796506702573751113 205.22210487608069229 -0.33667953742474759915 0
1.1400000000000001243 83.922862382255928537 181.39291239693122293 -0.3345909674065462025 0
1.1500000000000001332 71.849228223893490508 158.82979147385910323 -0.33286114492971652368 0
1.1599999999999999201 60.45080737552059702 137.4359674037187915 -0.33128196883854699184 0
1.1699999999999999289 49.612234466555754864 117.17946894669924518 -0.32955450356962279201 0
1.1799999999999999378 39.286466700863883261 98.230100156368152398 -0.32735405010088725053 0
1.1899999999999999467 29.533639687510515159 81.039025109584414963 -0.324404940305616174 0
1.1999999999999999556 20.531465731039375555 66.331456901397714887 -0.32055781008355632711 0
1.2099999999999999645 12.554961796336126412 55.007080778322190895 -0.31585130265278682504 0
1.2199999999999999734 5.9387589413739618749 47.971230498505974538 -0.31053972308246369227 0
1.2299999999999999822 1.0440511496637090438 45.93537888345447584 -0.30509897234563559953 0
1.2399999999999999911 -1.7545845888093116738 49.210230675155244739 -0.30025590802717400107 0
1.25 -2.09145678717129746 57.53906121633306725 -0.2969319231246736468 0
1.2600000000000000089 0.28172837561051028432 70.153519083295790892 -0.29587617079232342299 0
1.2700000000000000178 5.3151979379998284259 86.18455462173507442 -0.29726017199476029162 0
1.2800000000000000266 12.581841466396006979 105.07355612493968522 -0.30071169128467845066 0
1.2900000000000000355 21.415298627038669821 126.42857449675376813 -0.30552316839416848726 0
1.3000000000000000444 31.147014469775267997 149.53307086126108061 -0.31074095445808030957 0
1.3100000000000000533 41.251741120131022456 173.27689061989269703 -0.31543369501985696335 0
1.3200000000000000622 51.382380833895325623 196.57301571348403968 -0.31906706827177361285 0
1.3300000000000000711 61.379758313366522771 218.69431340361123262 -0.32156774279876065847 0
1.3400000000000000799 71.260781822287327714 239.34936570769104947 -0.32312452920576489879 0
1.3500000000000000888 81.160983493241161568 258.64095997258885973 -0.32399828071495245796 0
1.3600000000000000977 91.261516423777877094 276.9506307150955422 -0.32442292937885730542 0
1.3700000000000001066 101.72704830831406753 294.77397792730056381 -0.32457427174914427193 0
1.3800000000000001155 112.65366295047634537 312.55639601046533471 -0.32457331449406556789 0
1.3900000000000001243 124.02561670555766682 330.54774570884478635 -0.32449792311861475058 0
1.4000000000000001332 135.68812661881585768 348.69646695481947063 -0.32438984469924420084 0
1.4099999999999999201 147.34344455670103002 366.62634698090022312 -0.3242568564010010479 0
1.4199999999999999289 158.56944005211022386 383.70935839734443107 -0.32408201838548317264 0
1.4299999999999999378 168.85451023170844564 399.17766130144701719 -0.32384236982121089587 0
1.4399999999999999467 177.64311473940020392 412.20462381022235832 -0.32352212780289024696 0
1.4499999999999999556 184.39007376896643109 421.94812351048972232 -0.32311299924346181811 0
1.4599999999999999645 188.62138342274303682 427.60057660728341489 -0.32260891234623928492 0
1.4699999999999999734 189.99129033607601968 428.47472748541690635 -0.3220000188368167815 0
1.4799999999999999822 188.32389037497574691 424.11178459873616475 -0.32126599204135802834 0
1.4899999999999999911 183.63438906979291687 414.37555127682963985 -0.32037344619931701351 0
1.5 176.12813201129443996 399.49961876258703342 -0.31928114061617640651 0
1.5100000000000000089 166.17758518296818693 380.07226345034246151 -0.31794647226928685058 0
1.5200000000000000178 154.28263989323903616 356.95800360693124276 -0.316327996355537433 0
1.5300000000000000266 141.02164421060453492 331.17082051792328912 -0.31438976513699301574 0
1.5400000000000000355 126.99844351133859277 303.73321978859689807 -0.31211463136281669684 0
1.5500000000000000444 112.78907096512483577 275.55483233286889799 -0.30952535216930970874 0
1.5600000000000000533 98.892228161102195827 247.35144679796758282 -0.3067007196174566519 0
1.5700000000000000622 85.689262629658784931 219.61795315772150161 -0.30376885387774160696 0
1.5800000000000000711 73.41839211671963028 192.65735703864399397 -0.30087284522945578757 0
1.5900000000000000799 62.165287851066025837 166.65080816634323924 -0.2981231935587352333 0
1.6000000000000000888 51.876282440454986045 141.74208117869801526 -0.29555828021729058097 0
1.6100000000000000977 42.403166877349349306 118.11827512567811027 -0.29312968141399692312 0
1.6200000000000001066 33.574771620868922639 96.085596949753693252 -0.29072734635159130923 0
1.6300000000000001155 25.274666072524716753 76.127893676630563391 -0.28825077838249757445 0
1.6400000000000001243 17.502085253122903197 58.911726861581826142 -0.28570778982493094666 0
1.6500000000000001332 10.399902606699523488 45.213324578214773908 -0.28329663421925671551 0
1.6600000000000001421 4.2491235697528262349 35.781649305106071779 -0.28143610672123497984 0
1.6699999999999999289 -0.5514888958414059239 31.17816146822465484 -0.28073451919708908298 0
1.6799999999999999378 -3.519799605278068455 31.655259383138123042 -0.28180798926763800383 0
1.6899999999999999467 -4.18023019099099713 37.159793391957514075 -0.28493721620170597841 0
1.6999999999999999556 -2.2085400918571371776 47.478164645729322046 -0.289924809065264244 0
1.7099999999999999645 2.4647208009900487546 62.374951701437169049 -0.29633458079324404011 0
1.7199999999999999734 9.6700195072985124511 81.542148325410082066 -0.30367058071047980938 0
1.7299999999999999822 19.098166217913711051 104.38693610407153756 -0.31126399268560323019 0
1.7399999999999999911 30.385128535732913946 129.94327266036447099 -0.31826610045224196233 0
1.75 43.140367657256355471 157.09989865154659583 -0.32396287754319386121 0
1.7600000000000000089 56.974279209574739014 184.91817699633318739 -0.32806977195419351201 0
1.7700000000000000178 71.557057858768857272 212.74648429940145888 -0.33071535733224893816 0
1.7800000000000000266 86.652660749110410165 240.1760540732282152 -0.33223746431842815507 0
1.7900000000000000355 102.09677279062245248 266.97014021164005726 -0.33300656751806184674 0
1.8000000000000000444 117.75004543865314588 292.98422387601056016 -0.33333276269262684943 0
1.8100000000000000533 133.44995119791744287 318.09723616275272207 -0.33343354650532686101 0
1.8200000000000000622 148.96952729150859795 342.17249274338303167 -0.33343558805430290048 0
1.8300000000000000711 163.9878032269467667 365.02965664217396125 -0.33338901721903907438 0
1.8400000000000000799 178.07222973839199653 386.41145770957996319 -0.33328508653391114569 0
1.8500000000000000888 190.68785733879840905 405.94979716482231424 -0.33308081076700568612 0
1.8600000000000000977 201.24708302234745361 423.14504902072553705 -0.33273238577354541379 0
1.8700000000000001066 209.18426289989426436 437.36802766568854395 -0.33222341438934377411 0
1.8800000000000001155 214.03142027560170391 447.89093912700957389 -0.33157287150333514258 0
1.8900000000000001243 215.48331761740877255 453.95102383345772523 -0.33082303632656118175 0
1.9000000000000001332 213.44111499394983866 454.84731801274921281 -0.33001572237237725149 0
1.9100000000000001421 208.02287121143837112 450.06347101719859438 -0.32916974612217120288 0
1.9199999999999999289 199.54066392018714282 439.38542216120396233 -0.32827157834950193571 0
1.9299999999999999378 188.45890023133921432 422.96566278026466534 -0.32727477771340707235 0
1.9399999999999999467 175.34952724357992793 401.30930445075131274 -0.32609869304957028735 0
1.9499999999999999556 160.84729977442717086 375.20576145746775865 -0.32463588050444930344 0
1.9599999999999999645 145.60084795592959495 345.64902712554624031 -0.32278116939653311857 0
1.9699999999999999734 130.22132637630079444 313.75863344793128817 -0.32047175816719664088 0
1.9799999999999999822 115.23641400914875987 280.68458478204303219 -0.31771834735985460263 0
1.9899999999999999911 101.05435242463867951 247.49540142303953871 -0.31461607163560795231 0
2 87.936204665013505632 215.08289257431655983 -0.3113278629373451567 0
2.0100000000000002309 75.975745085986929439 184.11847572739787893 -0.30803753463689065306 0
2.0200000000000000178 65.100027157789639887 155.06014558388648084 -0.30488436578471339589 0
2.0300000000000002487 55.111260900879493363 128.19469951250806616 -0.30192376456763786452 0
2.0400000000000000355 45.771374025329734536 103.71089818273826211 -0.29916617178381110786 0
2.0499999999999998224 36.898704110365613928 81.791883592840747497 -0.29669598465669272391 0
2.0600000000000000533 28.434989368250782604 62.705669662240545392 -0.29482190085349979647 0
2.0699999999999998401 20.460141969835060394 46.871667693551458456 -0.29415630404260911801 0
2.0800000000000000711 13.162267972999845966 34.876004439086820241 -0.29548560716713401231 0
2.0899999999999998579 6.7897398617398110332 27.417666984637936167 -0.29932468359794944801 0
2.1000000000000000888 1.6145613724732379435 25.191633230735831717 -0.30513782402510175595 0
2.1099999999999998757 0 0 -0.31092128678993219415 0
2.1200000000000001066 0 0 -0.31445525158151887979 0
2.1299999999999998934 -3.7082559814079836258 53.280582042549482935 -0.31541556782978263929 0
2.1400000000000001243 -0.96239168668519525784 72.964487014830709199 -0.31545542476567978163 0
2.1499999999999999112 4.4382477895264411671 95.880148261441021873 -0.31624696874593005713 0
2.1600000000000001421 12.36527771632391115 120.75731822039124097 -0.31831618467066263856 0
2.1699999999999999289 22.434692908920435883 146.71335805844302058 -0.32135678708090636979 0
2.1800000000000001599 34.199906162783925367 173.04993860724772503 -0.32474981059583479803 0
2.1899999999999999467 47.299775349348472275 199.12658562340359936 -0.32788839168002442692 0
2.2000000000000001776 61.498299412501040706 224.53354822619436959 -0.33040860753463124899 0
2.2099999999999999645 76.680672389703133263 249.21216918628138615 -0.33222471211082305054 0
2.2200000000000001954 92.813548733962690562 273.39852406140795438 -0.33342321353178083765 0
2.2299999999999999822 109.85960344708965408 297.46461059674328453 -0.3341483521955840863 0
2.2400000000000002132 127.67483311311981709 321.70231944307118965 -0.33453122918607403058 0
2.25 145.92827459529721068 346.12967174095274459 -0.33467084182721340557 0
2.2600000000000002309 164.08028572138908885 370.39115891148861692 -0.33463701087202840645 0
2.2700000000000000178 181.42833151907782963 393.77084515653086783 -0.33447023934199859863 0
2.2800000000000002487 197.19082302518995675 415.30401997302885775 -0.33418606034672249105 0
2.2900000000000000355 210.59438860071583122 433.93835724849066082 -0.33378948277355652285 0
2.3000000000000002665 220.95079467507579807 448.67204358878854009 -0.33328696570941551691 0
2.3100000000000000533 227.71986687117561132 458.63371108485353034 -0.33268906307128243149 0
2.3199999999999998401 230.5564326955588399 463.12518215352559992 -0.33200692900128625507 0
2.3300000000000000711 229.34197850044040479 461.66320427665152692 -0.33124456128180962411 0
2.3399999999999998579 224.19741894524375425 454.037686694522165 -0.33038984612204019831 0
2.3500000000000000888 215.46879705434858465 440.37364873680479604 -0.3294080790976391393 0
2.3599999999999998757 203.68485827051856063 421.16845904431971803 -0.32824060547040151414 0
2.3700000000000001066 189.49992970860375863 397.27893967890452132 -0.32681290669952189898 0
2.3799999999999998934 173.63959450593125666 369.84448630471649722 -0.3250542611297841944 0
2.3900000000000001243 156.85366021373147305 340.15543435796359972 -0.32292511625084130422 0
2.3999999999999999112 139.86977248882527647 309.49423039382560319 -0.32044456846836172348 0
2.4100000000000001421 123.34405028306767349 278.98343267664665746 -0.31770471965494817557 0
2.4199999999999999289 107.81247654358902821 249.47538833591912066 -0.3148544521236553706 0
2.4300000000000001599 93.648459545892876577 221.50300342717096669 -0.31205437956225684504 0
2.4399999999999999467 81.034692350221732227 195.28950747867051518 -0.30942854758068755183 0
2.4500000000000001776 69.963535997799084498 170.8086654950286345 -0.30703394605178901955 0
2.4599999999999999645 60.272462413982403007 147.88275733545299317 -0.30485295847184556983 0
2.4700000000000001954 51.702148505407031109 126.2949143909444274 -0.302801576558511365 0
2.4799999999999999822 43.958036280317301703 105.89525339644336555 -0.30075707586711875052 0
2.4900000000000002132 36.764633856467803241 86.6921543003560231 -0.29863502760140653303 0
2.5 29.909931253143273722 68.917008773480674222 -0.29651210470337169278 0
2.5100000000000002309 23.27700826025953873 53.044825523973592851 -0.29472581215669862997 0
2.5200000000000000178 16.859694526284368266 39.765357458436511706 -0.29388293214788635543 0
2.5300000000000002487 10.764155000230664072 29.919268990976839007 -0.29472979281217975833 0
2.5400000000000000355 5.2016186755497590966 24.415588027581026864 -0.29780174315217000647 0
2.5500000000000002665 0.47793390072751995579 24.126112441114955232 -0.30269642733641122234 0
2.5600000000000000533 0 0 -0.30753381238164134714 0
2.5699999999999998401 0 0 -0.31016720831896116284 0
2.5800000000000000711 -4.3457876384463531849 59.408659896426456726 -0.31046194112216063399 0
2.5899999999999998579 -1.1251042512320816869 82.325937536856244492 -0.3102961135011295668 0
2.6000000000000000888 5.2026697486736841469 108.95866519813800721 -0.31130501849370256773 0
2.6099999999999998757 14.66604239747878502 137.85184214643845735 -0.31372053578987157962 0
2.6200000000000001066 26.969503934269091872 167.78074811682824929 -0.31693467625815197053 0
2.6299999999999998934 41.608055722173460822 197.77276626918043689 -0.32019862604751980761 0
2.6400000000000001243 57.99652481636526602 227.08297274216297978 -0.32295832966803078579 0
2.6499999999999999112 75.547356413177752188 255.24988021989753406 -0.32498175344175334045 0
2.6600000000000001421 93.713016099200615372 282.0834578041989289 -0.32630400666795572606 0
2.6699999999999999289 112.00314109346307134 307.55949538552624745 -0.32709204653014706254 0
2.6800000000000001599 129.96856732961984449 331.69224273056096308 -0.32753502799673267498 0
2.6899999999999999467 147.16008547431513875 354.42212127332385307 -0.32777921499770312774 0
2.7000000000000001776 163.08301227366712283 375.5524431383032038 -0.32790481604619320377 0
2.7099999999999999645 177.17252035147637912 394.73800083878535361 -0.32793674728132249374 0
2.7200000000000001954 188.80717023305425073 411.49047866301458498 -0.32786713051189003698 0
2.7299999999999999822 197.35761086818305898 425.18614210394594011 -0.32767261451507784242 0
2.7400000000000002132 202.253060528564788 435.09559203643607361 -0.32732327449626325011 0
2.75 203.05247211679503039 440.45287825802267889 -0.32678388673157920952 0
2.7600000000000002309 199.5137105042666974 440.56158401164452698 -0.32600993951936113602 0
2.7700000000000000178 191.65050095030485977 434.91809726977623995 -0.32494264902697744812 0
2.7800000000000002487 179.76356174982200287 423.31847986636296355 -0.32351009921043694106 0
2.7900000000000000355 164.43654152357939324 405.92119897617050128 -0.32164588752515027581 0
2.8000000000000002665 146.4961869611619818 383.25320895789786846 -0.31932572398526742896 0
2.8100000000000000533 126.94109706636803026 356.15790133684419061 -0.31660540216486759979 0
2.8199999999999998401 106.84410297310128612 325.70032048918295686 -0.31364091549752221022 0
2.8300000000000000711 87.237124586411397331 293.05391704426040178 -0.31066950666366405231 0
2.8399999999999998579 68.992744221306239183 259.38790048288831258 -0.30793659633373215989 0
2.8500000000000000888 52.728851478693542276 225.76861611539780483 -0.305589960536440719 0
2.8599999999999998757 38.773687351006849156 193.08842659612059833 -0.30360381552716142473 0
2.8700000000000001066 27.202541440642324488 162.03934507110429308 -0.3017843258702111453 0
2.8799999999999998934 17.911228313864178574 133.1341751886203042 -0.29984001604495713611 0
2.8900000000000001243 10.685265824018891578 106.74878408474883429 -0.29747507020144503542 0
2.8999999999999999112 5.2503682868183405574 83.152483598733056169 -0.2945118203821232572 0
2.9100000000000001421 1.3060064427425550626 62.513525667036581979 -0.29104791373392330245 0
2.9199999999999999289 -1.4528970978662871794 44.893612459401893489 -0.28759513703642120008 0
2.9300000000000001599 -3.320211753705798241 30.259301575045519428 -0.2851179553453492832 0
2.9399999999999999467 -4.5655995686540205014 18.526035285050092227 -0.28489549627779719998 0
2.9500000000000001776 -5.4240055594058338428 9.6279771437721617389 -0.28818940608239174139 0
2.9599999999999999645 -6.0857348303413436597 3.5922224893881833374 -0.29569794829749768139 0
2.9700000000000001954 0 0 -0.30668242899910264088 0
2.9799999999999999822 0 0 -0.31831499750240405122 0
2.9900000000000002132 0 0 -0.32654575547087616449 0
3 0 0 -0.32812500049318932271 0
3.0100000000000002309 0 0 -0.32185814532560030887 0
3.0200000000000000178 0 0 -0.30902746535895136981 0
3.0300000000000002487 -2.9595754817224078081 66.955663749712314825 -0.29350710713051847423 0
3.0400000000000000355 2.3937198251514018033 92.894739665740274859 -0.28019516738965372094 0
3.0500000000000002665 10.212360904783489346 121.21502076645357704 -0.27217962784991817093 0
3.0600000000000000533 20.312685538196692647 150.91788353321038585 -0.26963980262826287015 0
3.0700000000000002842 32.208186560801294718 181.10300921179728562 -0.27095670657724740815 0
3.0800000000000000711 45.356317157724468814 210.80080362386988213 -0.27413113836232377851 0
3.0899999999999998579 59.292902347022597098 239.13531024978919959 -0.27761860027419743568 0
3.1000000000000000888 73.671122293261774416 265.5613903165635179 -0.28057814498581068463 0
3.1099999999999998757 88.266474306712851217 289.91159104195639884 -0.28272746682259325413 0
3.1200000000000001066 102.93745637012008842 312.32903607565941684 -0.28410280081934052854 0
3.1299999999999998934 117.55233837727510604 333.13501032578562899 -0.28487145946182290679 0
3.1400000000000001243 131.91038427084285445 352.64907284809100929 -0.28522006841336178251 0
3.1499999999999999112 145.68040835635309804 371.02116315441821826 -0.28530005781245987295 0
3.1600000000000001421 158.38068842376418388 388.12524219329071684 -0.28520671213115800224 0
3.1699999999999999289 169.41018182337322173 403.54428305008997313 -0.28498440231485827612 0
3.1800000000000001599 178.11669748774778554 416.6316548853909012 -0.28464761057016974011 0
3.1899999999999999467 183.87815060608809858 426.60150435609182296 -0.28420051372892224384 0
3.2000000000000001776 186.18563174566551766 432.62901817482423894 -0.28364769765175601446 0
3.2099999999999999645 184.72401252880925426 433.9693714311750341 -0.28299718147264546486 0
3.2200000000000001954 179.43102433169494248 430.08105757203662733 -0.2822546318298176371 0
3.2299999999999999822 170.51203707091681849 420.71856146564891787 -0.28140874780435287672 0
3.2400000000000002132 158.41136045591363768 405.98256976321493994 -0.28041676421984962353 0
3.25 143.76112065479100011 386.33474247166003579 -0.27920141866118708407 0
3.2600000000000002309 127.32608918250473096 362.57393989337487028 -0.27766498438451819863 0
3.2700000000000000178 109.9498721202555771 335.76443164297148769 -0.27572013897822528206 0
3.2800000000000002487 92.498907013055955417 307.11414463085208126 -0.27333017101037032637 0
3.2900000000000000355 75.798547593156598623 277.8182358279567552 -0.27054268222376104402 0
3.3000000000000002665 60.561225673798851687 248.90305555501984713 -0.26749635775573415986 0
3.3100000000000000533 47.316460715729249387 221.11074277423963963 -0.26438874725907962615 0
3.3200000000000002842 36.357772050624689086 194.8535750649233762 -0.26141306861880214685 0
3.3300000000000000711 27.722399873348880561 170.24584509269530486 -0.25868956138239984632 0
3.3399999999999998579 21.214951483569514323 147.19439296355352553 -0.25622688460318471249 0
3.3500000000000000888 16.471619002838110646 125.51340768874740661 -0.25394183694109240257 0
3.3599999999999998757 13.046220544791765406 105.03627058051847598 -0.25174090882663407998 0
3.3700000000000001066 10.494036741346421948 85.710871349929036001 -0.24964735895320858128 0
3.3799999999999998934 8.4354255529655546297 67.659440953195129964 -0.24793662563276394617 0
3.3900000000000001243 6.5909827206138746902 51.172830209313566741 -0.24720846801492923905 0
3.3999999999999999112 4.7873265019885691274 36.635070424649455845 -0.24836038597311554943 0
3.4100000000000001421 2.9387629759065263535 24.42657622962417463 -0.25249025470847513697 0
3.4199999999999999289 1.0135795782740366633 14.868858573174282611 -0.26060147180597653671 0
3.4300000000000001599 -1.0017458375446504082 8.230534867496418272 -0.27291583805150537723 0
3.4399999999999999467 0 0 -0.28778344097706598514 0
3.4499999999999997335 0 0 -0.30098225634934311357 0
3.4599999999999999645 0 0 -0.30725872438847573465 0
3.4699999999999997513 0 0 -0.30392625444106668997 0
3.4799999999999999822 0 0 -0.29304606415171213785 0
3.4899999999999997691 -12.458939993598800555 43.193052896237546179 -0.27992905955306690569 0
3.5 -12.092472510476628855 62.122497839625637539 -0.2695689544190297271 0
3.5099999999999997868 -10.082076447201140823 83.887169446076143231 -0.26431144437476838949 0
3.5200000000000000178 -6.3302923013283480813 107.8731794126821768 -0.26403736809740807612 0
3.5299999999999998046 -0.95114932880082303512 133.35896372425631284 -0.26735238790312276791 0
3.5400000000000000355 5.8221463466520289032 159.43120408369807706 -0.27247433819856586856 0
3.5499999999999998224 13.704151266432074152 185.13900434301507403 -0.27782446112946962424 0
3.5599999999999996092 22.409813952992415409 209.77495060488644185 -0.28239788401036786114 0
3.5699999999999998401 31.708068578728688891 233.00426662247667764 -0.28580645257366255052 0
3.579999999999999627 41.436670052821725108 254.81024703204724347 -0.28808607749705372747 0
3.5899999999999998579 51.466954139301492432 275.36505958215235523 -0.28946799985263305111 0
3.5999999999999996447 61.655832505518127107 294.8784306812625573 -0.29021434916702515405 0
3.6099999999999998757 71.808041917834827927 313.46089366678279475 -0.29053199225543252515 0
3.6199999999999996625 81.65370321178168922 331.04037985477759776 -0.29055208823975825494 0
3.6299999999999998934 90.850442986965859404 347.33870816089290656 -0.2903495698550922488 0
3.6399999999999996803 99.011991485394105439 361.88569334655534249 -0.2899693287205434844 0
3.6499999999999999112 105.75217064720899884 374.05732330985892986 -0.28944163031106912021 0
3.659999999999999698 110.73520452684175552 383.14369630836415581 -0.28878789829928497301 0
3.6699999999999999289 113.72300695255800917 388.44675311340915869 -0.28802017099185928117 0
3.6799999999999997158 114.60639085505241042 389.38865106292860219 -0.28713754310169958828 0
3.6899999999999999467 113.41546700207496201 385.60119965046669677 -0.28612187401570399192 0
3.6999999999999997335 110.30949720687240756 376.98205424366750549 -0.28493366031194455879 0
3.7099999999999999645 105.546919989089659 363.72654709235268911 -0.28351582754313520152 0
3.7199999999999997513 99.446059604655459907 346.3338401723058837 -0.28181169150668500256 0
3.7299999999999999822 92.353396768203737111 325.56515502517748928 -0.27978864791306629067 0
3.7399999999999997691 84.627830363970332428 302.35217956887709079 -0.27745920401396617638 0
3.75 76.633318284045287783 277.687029938109049 -0.27489820240153450825 0
3.7599999999999997868 68.72362014610415315 252.52278154504267604 -0.2722482253878026337 0
3.7700000000000000178 61.209618987065226747 227.69289358602304674 -0.26969385347359398075 0
3.7799999999999998046 54.313879302657802839 203.84671013155227115 -0.26739587583857310493 0
3.7900000000000000355 48.132554773321281516 181.39597633823058231 -0.26542032237028556629 0
3.7999999999999998224 42.629070124981112144 160.47497971498142988 -0.26371051715902882329 0
3.8099999999999996092 37.664627060346440146 140.94072043089744284 -0.26210757805583306812 0
3.8199999999999998401 33.048553961313878347 122.451428815713669 -0.26041502910332575693 0
3.829999999999999627 28.58908596269404967 104.62560557167385866 -0.25852311924486542916 0
3.8399999999999998579 24.134040821212291661 87.228964587370626305 -0.25657632639159522192 0
3.8499999999999996447 19.597791376455344192 70.318049027160753894 -0.25513332398950272495 0
3.8599999999999998757 14.973547579392789686 54.29363205952440552 -0.25525800161396777765 0
3.8699999999999996625 10.332892695244238368 39.855387089082761065 -0.25838897764871404661 0
3.8799999999999998934 5.8177478140277845142 27.88693630396602785 -0.26577896864365896379 0
3.8899999999999996803 1.6292682257017836456 19.326617368053664592 -0.27747983123434688535 0
3.8999999999999999112 0 0 -0.29123626350950676533 0
3.909999999999999698 0 0 -0.30244579392459097766 0
3.9199999999999999289 0 0 -0.30640340999741977335 0
3.9299999999999997158 0 0 -0.30175401164188059289 0
3.9399999999999999467 -3.2265085524647911797 52.253892597110677798 -0.29187660816570804023 0
3.9499999999999997335 2.2290095555044899811 74.993279056728368914 -0.28232003381831977107 0
3.9599999999999999645 10.821221572962793189 101.59443923046123359 -0.27679617138028145273 0
3.9699999999999997513 22.442345685960180646 130.94416346185158773 -0.27582799006425223753 0
3.9799999999999999822 36.613066851182253458 162.0139685342307132 -0.27808885041418407447 0
3.9899999999999997691 52.688423895107234785 193.77718943404025254 -0.28186246998883690562 0
4 70.057290726515603296 225.22382688805987527 -0.2857746669915073312 0
4.0099999999999997868 88.238517572410913203 255.56931994578806666 -0.28905335850303753853 0
4.0199999999999995737 106.89785769559388484 284.40553543769243561 -0.29144790006484466716 0
4.0299999999999993605 125.80287256583126521 311.66585305547204143 -0.29301378110662690268 0
4.0400000000000000355 144.7252125244010017 337.45407176757817069 -0.29393038126628084905 0
4.0499999999999998224 163.33445175220722945 361.83621769063728379 -0.29438880691679902846 0
4.0600000000000004974 181.13885004104884047 384.69404891317986994 -0.29453923210602117599 0
4.0700000000000002842 197.49679852391216173 405.66838357988689268 -0.2944782062116702015 0
4.0800000000000000711 211.67787335002668669 424.17050362430512678 -0.29425613389925880936 0
4.0899999999999998579 222.94012232665488682 439.44330020352407473 -0.29389288338669816714 0
4.0999999999999996447 230.60828643569317364 450.65465575321991309 -0.29339521937589346789 0
4.1099999999999994316 234.15199079995809939 457.00354405341670372 -0.2927707611613086236 0
4.1199999999999992184 233.25831471852447407 457.82574949557101718 -0.29203376125607760638 0
4.1299999999999998934 227.88143552863260766 452.68721075035722379 -0.29120044600777789112 0
4.1399999999999996803 218.25379392142633606 441.45113221232395517 -0.29027526161256494985 0
4.1500000000000003553 204.85846696419466184 424.31008055534164214 -0.2892351309141938942 0
4.1600000000000001421 188.37596750610720164 401.78492017251988955 -0.28802112092939174959 0
4.1699999999999999289 169.62129100655948832 374.69680941038228639 -0.28654404795609922374 0
4.1799999999999997158 149.48183657790301027 344.10665622431548627 -0.28470624379680681271 0
4.1899999999999995026 128.86055848226624221 311.2127866141960908 -0.28243440865193664147 0
4.1999999999999992895 108.62198481541815909 277.22100263928325603 -0.27971249893104926931 0
4.2099999999999999645 89.535096207187066852 243.22150937411353766 -0.2766044387405424132 0
4.2199999999999997513 72.211959924905912089 210.10162363362528026 -0.27325859733730711865 0
4.2300000000000004263 57.051374261630151352 178.50735685356539761 -0.26988627419534610974 0
4.2400000000000002132 44.205717189250840704 148.85828609593343685 -0.26671783161489698299 0
4.25 33.589614828404698699 121.41466130586476879 -0.26396670213869311006 0
4.2599999999999997868 24.935708817944892246 96.38034958589187795 -0.26184996962520351582 0
4.2699999999999995737 17.882065797082450587 74.003098599312906458 -0.26066817733117741973 0
4.2799999999999993605 12.061062457115811597 54.627496393951226139 -0.26084185168265316968 0
4.2900000000000000355 7.1626109486377771418 38.679857490441364121 -0.26278010909739779599 0
4.2999999999999998224 2.9653111067788304744 26.60006010265565024 -0.26655899537366295471 0
4.3100000000000004974 -0.65517537727389374425 18.756448161602310876 -0.27146020698768846824 0
4.3200000000000002842 0 0 -0.27556656282811842207 0
4.3300000000000000711 0 0 -0.27651504173209323634 0
4.3399999999999998579 -7.9212311032706139713 21.960357845056595494 -0.27383638389674574976 0
4.3499999999999996447 -8.7227008294566985569 31.434846566116927846 -0.26981769965565138847 0
4.3599999999999994316 -8.5006962973221913416 44.570420623878909794 -0.26720581202862525583 0
4.3699999999999992184 -7.289590829155070395 61.05593176342301831 -0.26723251341772347178 0
4.3799999999999998934 -5.2284940894234770425 80.519420994743157394 -0.26984167782114903966 0
4.3899999999999996803 -2.4716438065585029094 102.30202649768145307 -0.27434106139138009217 0
4.4000000000000003553 0.8640774337701072616 125.36332343600940931 -0.27969882127548234552 0
4.4100000000000001421 4.6798362749640958214 148.52193823983952825 -0.28489007125377835417 0
4.4199999999999999289 8.8761867009294892483 170.82301412394738804 -0.2892412778420085373 0
4.4299999999999997158 13.394669131805535756 191.69362051981676132 -0.29250958375227875674 0
4.4399999999999995026 18.263968134336820981 210.92156300774348665 -0.29475509212506445511 0
4.4499999999999992895 23.593479025241080649 228.60955290986106547 -0.2961981629062452881 0
4.4599999999999999645 29.536643306592846869 245.08951389815342736 -0.29710458279403634263 0
4.4699999999999997513 36.252935856059487207 260.79708812751016467 -0.29770013831061020726 0
4.4800000000000004263 43.867856402754064504 276.15688197306457141 -0.29812952435019968167 0
4.4900000000000002132 52.424371095392771736 291.49593434304597395 -0.29845387562681641169 0
4.5 61.831624596530907922 306.98177273900898854 -0.29867339617037708122 0
4.5099999999999997868 71.834692729164160596 322.57370063002571214 -0.29876116019068954532 0
4.5199999999999995737 82.024670916578671154 337.98622518375702839 -0.29869292663973445734 0
4.5299999999999993605 91.883238636820465217 352.68697340332971635 -0.2984634958014090178 0
4.5400000000000000355 100.84527212335238744 365.94323390452154854 -0.29808887135727496487 0
4.5499999999999998224 108.36808205592033971 376.90250133350980377 -0.29759939406486340951 0
4.5600000000000004974 113.99777684291575497 384.69027129202527249 -0.29702880765175970756 0
4.5700000000000002842 117.42195519480975463 388.51566550093133401 -0.29640020958675122875 0
4.5800000000000000711 118.49731144902654023 387.77050743292136303 -0.29571282350975347519 0
4.5899999999999998579 117.24821935030109898 382.10922331283791209 -0.2949372769472090039 0
4.5999999999999996447 113.84773611699500862 371.50093911932248147 -0.29401868183272578117 0
4.6099999999999994316 108.59441014742080256 356.24600924680044045 -0.29288209687596483688 0
4.6199999999999992184 101.88622436842402408 336.95382092413791497 -0.29144335818906930147 0
4.6299999999999998934 94.188347995312511785 314.48055720171697658 -0.28962897936774800733 0
4.6399999999999996803 85.993965902404440271 289.82870661396117384 -0.28740310553205228317 0
4.6500000000000003553 77.778693812237705174 264.02354256066666949 -0.2847980798125319124 0
4.6600000000000001421 69.951731412619324146 237.99303918618804232 -0.28193535084474508068 0
4.6699999999999999289 62.810812894691224528 212.47497926907630017 -0.27901153172408005299 0
4.6799999999999997158 56.509460043860492817 187.96712586794069466 -0.27624050371424713202 0
4.6899999999999995026 51.046044479950040795 164.72825571128075239 -0.27378271864959180526 0
4.6999999999999992895 46.280395331793670266 142.82706343954870931 -0.27170385827909038223 0
4.7099999999999999645 41.97251679448985584 122.22654516352723419 -0.26997180675487181256 0
4.7199999999999997513 37.83574620771209851 102.88681533827202941 -0.26848005111608996831 0
4.7300000000000004263 33.600272375486362364 84.866085842249944449 -0.26709908280117344859 0
4.7400000000000002132 29.075708944165576497 68.397307955431799087 -0.26575347374928393052 0
4.75 24.196895858373324018 53.924590420474856955 -0.26449245582678326816 0
4.7599999999999997868 19.044379390549732278 42.094631776873704609 -0.26352079955208096429 0
4.7699999999999995737 13.84044033930355333 33.701850644533379864 -0.26314975747424618202 0
4.7799999999999993605 8.9292729196613827014 29.589432346673316232 -0.26364852151376877432 0
4.7900000000000000355 4.7519003982893082139 30.514935015464303092 -0.26512411057477530685 0
4.7999999999999998224 0 0 -0.26759544007141150557 0
4.8100000000000004974 0.69087178837236784545 49.052205749944221225 -0.27115420430199432822 0
4.8200000000000002842 1.8956638002554671019 66.201187415577791739 -0.27585984104852884213 0
4.8300000000000000711 5.8069263148043441802 87.421510234805410278 -0.28140609110474662513 0
4.8399999999999998579 12.468424933565247059 111.61131503132037324 -0.28714066454559750152 0
4.8499999999999996447 21.5785172572729671 137.84572385584374388 -0.29245467468939684297 0
4.8599999999999994316 32.663019507671833708 165.22608563040083141 -0.29695743802893892482 0
4.8699999999999992184 45.257038154084085591 192.74233242153491119 -0.30044073746278854298 0
4.8799999999999998934 58.974960472845879167 219.47233608644827996 -0.30289774668516378231 0
4.8899999999999996803 73.521488976792809922 244.82720138883595951 -0.30449656780147388302 0
4.9000000000000003553 88.687431501618505081 268.61565885666158238 -0.30546748724630784499 0
4.9100000000000001421 104.31991259250170856 290.96246775291228914 -0.30601369046652721062 0
4.9199999999999999289 120.27243201026685426 312.14715276815365996 -0.30628133422060460633 0
4.9299999999999997158 136.35197800279408398 332.44627713170177685 -0.3063674666253718426 0
4.9399999999999995026 152.27879603824206356 352.03529555837303633 -0.30633730195225195025 0
4.9500000000000001776 167.6704259889951345 370.93266005020007015 -0.30622948430887392268 0
4.9599999999999999645 182.04977069285280322 388.95962914357914997 -0.30605210519113668077 0
4.9699999999999997513 194.87290515684438219 405.72085608024832482 -0.30578875444330883004 0
4.9799999999999995381 205.57701229420203504 420.61780698320632155 -0.30541950290356134623 0
4.9900000000000002132 213.64411959034788424 432.89892541962126415 -0.3049415726438001184 0
5 218.66511483572628549 441.74234541826751865 -0.30437377734691289932 0
5.0099999999999997868 220.38829610133544179 446.35790239588118311 -0.30374407438587658348 0
5.0199999999999995737 218.74497846996121098 446.09325249714470374 -0.30307322948397663609 0
5.0299999999999993605 213.84980806893190675 440.52785311073307639 -0.30236470049284730477 0
5.0400000000000000355 205.97640208913378501 429.53876546478664977 -0.30160006125533317389 0
5.0499999999999998224 195.51526651354828346 413.33186077005632342 -0.30073749079386380423 0
5.0599999999999996092 182.92724964627706186 392.43663423581494953 -0.29971429400262511455 0
5.0700000000000002842 168.70552392815037024 367.65880216074179998 -0.29845350277471394129 0
5.0800000000000000711 153.35171194087786262 339.99165010145833321 -0.29687449897471918092 0
5.0899999999999998579 137.36247300690314432 310.50486276757436599 -0.2949108113361437189 0
5.0999999999999996447 121.21945434074883963 280.23421105142631404 -0.29253598302934546993 0
5.1099999999999994316 105.37788972335951598 250.08405813248850791 -0.28979077157197336012 0
5.1200000000000001066 90.249809280450264737 220.750871234146814 -0.28679680523550366011 0
5.1299999999999998934 76.177065865335478634 192.68343910829725019 -0.28373928618304983251 0
5.1399999999999996803 63.395115442904263148 166.09755051420717109 -0.28081371629065338125 0
5.1500000000000003553 52.000769861671244598 141.05583437994826568 -0.27815952616035288791 0
5.1600000000000001421 41.944214637493125508 117.60072584947903351 -0.27582546938286311988 0
5.1699999999999999289 33.058268501472149126 95.892361294138169114 -0.27378655677849378369 0
5.1799999999999997158 25.119692197914488929 76.292259448189028603 -0.27198362154360627985 0
5.1899999999999995026 17.921278725510571661 59.362775714520566339 -0.27035901413123591963 0
5.2000000000000001776 11.330101185071377756 45.792510241130251814 -0.26887657876095577558 0
5.2099999999999999645 5.318366410390837018 36.28451763359684179 -0.26751094669927422132 0
5.2199999999999997513 -0.029799965180876797355 31.445014385412932256 -0.26625951349187465533 0
5.2299999999999995381 -4.5220045667382660071 31.679182932399388761 -0.26527848542150184175 0
5.2400000000000002132 -7.8658613893929487659 37.087925375450140564 -0.26505134525993317984 0
5.25 -9.712136951402650098 47.412845003495185381 -0.26627061631889842319 0
5.2599999999999997868 -9.7707017272296443622 62.085174717781903553 -0.26938568404234608522 0
5.2699999999999995737 -7.9487277907030300383 80.324515119537039709 -0.27424462965337936815 0
5.2799999999999993605 -4.3957278385120392983 101.17376941531982482 -0.28012099750708308044 0
5.2900000000000000355 0.56907529237791754095 123.48957623464816891 -0.286016292909327563 0
5.2999999999999998224 6.5625810997598428287 146.04535511106294621 -0.29105972184811357284 0
5.3099999999999996092 13.214908606812620917 167.77027061836349731 -0.29480354103895295426 0
5.3200000000000002842 20.218104175347413332 187.95587846635268647 -0.29724518460226073691 0
5.3300000000000000711 27.350951025352802759 206.32914767026733216 -0.29865057346814966044 0
5.3399999999999998579 34.477917043113421869 223.00525724584309728 -0.29936382900352442871 0
5.3499999999999996447 41.530881170616616771 238.34183673374943169 -0.29968986824828303117 0
5.3599999999999994316 48.483374713838742309 252.75004587379760324 -0.29984504232167019655 0
5.3700000000000001066 55.32267077025531421 266.55066777307035863 -0.29994594307293698243 0
5.3799999999999998934 62.024278708250911052 279.92226165762446044 -0.30002578044868993823 0
5.3899999999999996803 68.533784034784048345 292.92289851330349393 -0.30007084083548335451 0
5.4000000000000003553 74.75960246073593396 305.53522437059456252 -0.30005359955846766518 0
5.4100000000000001421 80.574437854482013677 317.69149033334656451 -0.29995248247027034294 0
5.4199999999999999289 85.819480023938410795 329.25548835600852726 -0.29976344413518984933 0
5.4299999999999997158 90.307532956825610881 339.96165728948994911 -0.29950311009798674666 0
5.4399999999999995026 93.823877220041111968 349.34401610697602791 -0.29919955182375485014 0
5.4500000000000001776 96.125022127533711114 356.71358973924759539 -0.29887395023191443144 0
5.4599999999999999645 96.942543500410920387 361.22964165092957955 -0.29852771621586204898 0
5.4699999999999997513 96.003345946463269911 362.05337706123486896 -0.29814612435529475043 0
5.4799999999999995381 93.065231512111097345 358.51871791657589483 -0.29770434775323190157 0
5.4900000000000002132 87.962104477523681112 350.25906537673586172 -0.2971601304886945516 0
5.5 80.661140047604732217 337.28038021379194333 -0.29644667419818560017 0
5.5099999999999997868 71.321861152835325015 319.99967025280352573 -0.29548097369967463166 0
5.5199999999999995737 60.330136290494678519 299.25309147852266278 -0.2941843213160955095 0
5.5299999999999993605 48.284959691772364465 276.2540661247617777 -0.29251220219885304408 0
5.5400000000000000355 35.931108355911554497 252.47582061398844644 -0.2904914927995256857 0
5.5499999999999998224 24.052911172331285172 229.46293690172015545 -0.2882491306150735122 0
5.5599999999999996092 13.363225825633424648 208.62011347803309036 -0.28600915404055032853 0
5.5700000000000002842 4.4147435546598394751 191.03343449345680938 -0.28404640458179064577 0
5.5800000000000000711 -2.4580841377466962072 177.35791799689306458 -0.28260973097306330004 0
5.5899999999999998579 -7.1630465694799605458 167.78238274484397152 -0.28184676302781774826 0
5.5999999999999996447 -9.8353027395292826895 162.0638127762181 -0.28175921547464888306 0
5.6099999999999994316 -10.784643199437041972 159.61839484577245685 -0.28220782259779814138 0
5.6200000000000001066 -10.416248871754188343 159.65845745524606514 -0.28296984930844543138 0
5.6299999999999998934 -9.1458728621857883212 161.35384561160023509 -0.28381644305802899986 0
5.6399999999999996803 -7.3316741506858145172 163.98216012588403601 -0.28457123601357109388 0
5.6500000000000003553 -5.235114160044384235 167.03119973876530935 -0.28514613135636895924 0
5.6600000000000001421 -3.0134469516002431178 170.22679080873854218 -0.28555167957337301843 0
5.6699999999999999289 -0.74011392373426265756 173.48686409203847347 -0.28586562431678924634 0
5.6799999999999997158 1.561215704738605492 176.84109380315240401 -0.28617621766395601179 0
5.6899999999999995026 3.8885580501930765429 180.36398275254785517 -0.28654264463554801612 0
5.7000000000000001776 6.2484724010717425102 184.14088988021478599 -0.2869868714799967413 0
5.7099999999999999645 8.6552743273366044008 188.2577924017882367 -0.2875029521970173807 0
5.7199999999999997513 11.137928434554888568 192.79969042714725447 -0.28807364860920614547 0
5.7299999999999995381 13.751508055611122217 197.84734248548366509 -0.28869523657039120046 0
5.7400000000000002132 16.591874865405568329 203.45562823653796158 -0.28940277248043966285 0
5.75 19.807166035039625029 209.60135157348773305 -0.29026677927431898674 0
