0 0.7478550439962084
0.01 0.7846798224948777
0.02 0.8234949899357238
0.03 0.8635312870018899
0.04 0.904041621336265
0.05 0.9443657257370965
0.06 0.9839692867998173
0.07000000000000001 1.022477223591955
0.08 1.059704413474292
0.09 1.095657519497946
0.1 1.13049427534814
0.11 1.164455329342678
0.12 1.197799182297695
0.13 1.230769475353939
0.14 1.263599873565147
0.15 1.296526805487539
0.16 1.329779220349695
0.17 1.363548923196881
0.18 1.397951036683249
0.19 1.432972375865661
0.2 1.468426769638166
0.21 1.503940719851259
0.22 1.53895527712542
0.23 1.572727883085521
0.24 1.604355081252111
0.25 1.632832148306747
0.26 1.6571293137709
0.27 1.676266801564607
0.28 1.689379422506517
0.29 1.695759559461681
0.3 1.694896248843861
0.31 1.686524836823942
0.32 1.670661197385659
0.33 1.647606530914465
0.34 1.617930753830687
0.35 1.582423368245283
0.36 1.542011990641331
0.37 1.497688718175496
0.38 1.450471607026149
0.39 1.401385654803444
0.4 1.351433681142465
0.41 1.301540461146891
0.42 1.252485454475193
0.43 1.204860968570468
0.44 1.159076831909407
0.45 1.115394189303255
0.46 1.073960713078949
0.47 1.034845518293136
0.48 0.9980670342247353
0.49 0.9636100004122694
0.5 0.9314541333687667
0.51 0.9016110680366363
0.52 0.8741412017383032
0.53 0.8491365565334585
0.54 0.8266723146356107
0.55 0.8067500453641268
0.5600000000000001 0.7892601826424892
0.5700000000000001 0.7739573433679481
0.58 0.7604187671404632
0.59 0.7479971818053963
0.6 0.7358471834199256
0.61 0.7230897011674804
0.62 0.7090556080512593
0.63 0.6934658162169005
0.64 0.6764697750014572
0.65 0.6585921363164489
0.66 0.6406666770044405
0.67 0.6237629267588827
0.68 0.6090850930129013
0.6900000000000001 0.5978157204061523
0.7000000000000001 0.5908780392675395
0.71 0.5886972241482891
0.72 0.5910938393168097
0.73 0.5973544712895698
0.74 0.6064144609603925
0.75 0.6170472681940149
0.76 0.6280360359664474
0.77 0.6383513537855716
0.78 0.6472747890250821
0.79 0.6544131861766314
0.8 0.659674877087951
0.8100000000000001 0.663260453338717
0.8200000000000001 0.6656143750504571
0.8300000000000001 0.6673337538645008
0.84 0.6690940450567737
0.85 0.6716016187863434
0.86 0.6755709035691351
0.87 0.681717485340636
0.88 0.690714913294471
0.89 0.7031103612959884
0.9 0.7192632571648323
0.91 0.739326596100474
0.92 0.7632438278606206
0.93 0.7907691649102797
0.9400000000000001 0.8215290212085229
0.9500000000000001 0.8550969564097843
0.96 0.891036100151589
0.97 0.9288996733774195
0.98 0.9682287139049524
0.99 1.008578971193689
1 1.049557345821848
1.01 1.090841378780124
1.02 1.13219260270489
1.03 1.173481037580621
1.04 1.214712791258046
1.05 1.256036818740854
1.06 1.297714556210068
1.07 1.34005593220545
1.08 1.383332152497489
1.09 1.427686725663587
1.1 1.473079170974138
1.11 1.519261243567204
1.12 1.5657520476762
1.13 1.611804685808755
1.14 1.656386253606575
1.15 1.698198747139113
1.16 1.735762166336642
1.17 1.767547815024308
1.18 1.792125546885839
1.19 1.808293843130985
1.2 1.815169817472011
1.21 1.812238072764556
1.22 1.799380322422257
1.23 1.776899027103322
1.24 1.745520743960453
1.25 1.706348012787254
1.26 1.660750265896162
1.27 1.610221113027065
1.28 1.556233190826562
1.29 1.500116688921241
1.3 1.442985089469255
1.31 1.385712361803363
1.32 1.328942150652562
1.33 1.273109260883441
1.34 1.218488836071549
1.35 1.165294558378469
1.36 1.113797719665818
1.37 1.064401213556048
1.38 1.017623616170145
1.39 0.9740321746798206
1.4 0.9341975708772763
1.41 0.8986657781296423
1.42 0.8679122468687606
1.43 0.842279397043399
1.44 0.8218794991464868
1.45 0.8064478417265795
1.46 0.7952132340397013
1.47 0.7868989882629887
1.48 0.7799205459589995
1.49 0.772727331086426
1.5 0.7641132364736527
1.51 0.7533562295011733
1.52 0.7402190439078433
1.53 0.7249190639155811
1.54 0.7081195020405504
1.55 0.6909032521774767
1.56 0.6746470241224998
1.57 0.6607848442799291
1.58 0.650544997024725
1.59 0.6447442491105178
1.6 0.6436871743481518
1.61 0.6471816380116384
1.62 0.654606027731095
1.63 0.664960534526104
1.64 0.6769410295475824
1.65 0.6890988727172216
1.66 0.7000680815669291
1.67 0.7087823930222563
1.68 0.7146102846778191
1.69 0.717397846987208
1.7 0.7174447145652327
1.71 0.7154203404505313
1.72 0.7122525378519478
1.73 0.7090490072315729
1.74 0.7070493524893822
1.75 0.7075493499634029
1.76 0.7117780524382384
1.77 0.7207572658200623
1.78 0.7351885349031213
1.79 0.7553913883477028
1.8 0.781280044015686
1.81 0.8123906232203431
1.82 0.8479822077456549
1.83 0.8871734789510834
1.84 0.9290607558948576
1.85 0.9728057622226136
1.86 1.017702262087924
1.87 1.063219306480573
1.88 1.109008478244006
1.89 1.154883265869383
1.9 1.20078865160469
1.91 1.246757966918689
1.92 1.292866344593217
1.93 1.339210418672887
1.94 1.38589935734747
1.95 1.433004816086667
1.96 1.480476156249351
1.97 1.528081526842552
1.98 1.575381746251467
1.99 1.62168743853554
2 1.665993936509358
2.01 1.706959210995689
2.02 1.742987656711843
2.03 1.77241775432256
2.04 1.793748938916869
2.05 1.805821086431977
2.06 1.80789917285975
2.07 1.799694031680356
2.08 1.781375396286717
2.09 1.753578412750364
2.1 1.717365406739713
2.11 1.674121771175995
2.12 1.625398612117016
2.13 1.572743872491431
2.14 1.517559597782935
2.15 1.460995753861283
2.16 1.403904984651939
2.17 1.346892452975508
2.18 1.290418607125518
2.19 1.234861063052359
2.2 1.18051115511591
2.21 1.127551389101618
2.22 1.076074552101788
2.23 1.026184849195087
2.24 0.9781297677078902
2.25 0.9323518734077716
2.26 0.8894313507734468
2.27 0.8499942615935359
2.28 0.8146502300459901
2.29 0.7839330708092906
2.3 0.7581960569239552
2.31 0.7374870605244355
2.32 0.7214591518291527
2.33 0.7093372212342279
2.34 0.6999579787555241
2.35 0.6919002657482323
2.36 0.6836811440648627
2.37 0.6739698215038419
2.38 0.6617856444739263
2.39 0.6466721793679695
2.4 0.6288363229155927
2.41 0.6091894869957271
2.42 0.5892200644892132
2.43 0.5707319705032234
2.44 0.5555586401722095
2.45 0.5452793109770409
2.46 0.5409330465061246
2.47 0.5428320552662331
2.48 0.5505523449067171
2.49 0.5630538207748943
2.5 0.5788686393548024
2.51 0.5963253045742847
2.52 0.6137810080799477
2.53 0.6298364223838324
2.54 0.6434936755076945
2.55 0.6542326404437211
2.56 0.6620070637220783
2.57 0.6671736207709382
2.58 0.6703845857577257
2.59 0.6724853650558935
2.6 0.6744527911340406
2.61 0.6773510283472959
2.62 0.6822534585450555
2.63 0.6901591253630057
2.64 0.7019259155045603
2.65 0.7181713644811816
2.66 0.739162156491437
2.67 0.7647776661541648
2.68 0.794559024074879
2.69 0.8277949917365972
2.7 0.8636224489903324
2.71 0.9011385286986595
2.72 0.9395049872401979
2.73 0.9780329714406046
2.74 1.016238009415729
2.75 1.053838875307288
2.76 1.09071608965486
2.77 1.126882653894567
2.78 1.162471217242504
2.79 1.197711435792681
2.8 1.232902692187068
2.81 1.268390479897455
2.82 1.304523672017967
2.83 1.341590750013484
2.84 1.379776043183408
2.85 1.41914529416875
2.86 1.459625036247548
2.87 1.500953096859821
2.88 1.542611476050866
2.89 1.583772551360429
2.9 1.623285209079753
2.91 1.659726074188327
2.92 1.691527514244823
2.93 1.717156145950815
2.94 1.735298982749497
2.95 1.745007827062681
2.96 1.745765474489173
2.97 1.737486061947776
2.98 1.720482356937252
2.99 1.695411476516137
3 1.663197765274185
3.01 1.624945011392258
3.02 1.581854257363772
3.03 1.535138655862507
3.04 1.485932193470407
3.05 1.435223529127518
3.06 1.383838126477674
3.07 1.332449560974233
3.08 1.281583787628914
3.09 1.231611577715455
3.1 1.182749572901586
3.11 1.135089190746573
3.12 1.088666153068252
3.13 1.043550084802423
3.14 0.9999082172434637
3.15 0.9580217097912862
3.16 0.9182621652457961
3.17 0.8810468467057069
3.18 0.8468073904681841
3.19 0.8159903848362835
3.2 0.7890407578633121
3.21 0.7663181161555213
3.22 0.7479829144094343
3.23 0.733906012148728
3.24 0.7236020837995003
3.25 0.7161834587280578
3.26 0.7103705498392068
3.27 0.7046357544433635
3.28 0.6974964658754272
3.29 0.6878193120445064
3.3 0.6750181810410174
3.31 0.6591693100302458
3.32 0.6410466857368124
3.33 0.6220086275071828
3.34 0.6037217503859735
3.35 0.5878226516583975
3.36 0.5756721338563837
3.37 0.5682679342696995
3.38 0.5661999098692658
3.39 0.5695203919952818
3.4 0.5776112394477457
3.41 0.5892156232863512
3.42 0.6026653520091663
3.43 0.6162066181767423
3.44 0.6283106399141118
3.45 0.6379039664680954
3.46 0.6444984455703873
3.47 0.6482056559350053
3.48 0.6496305387575796
3.49 0.6496831775596998
3.5 0.6493696420026907
3.51 0.6496326322991401
3.52 0.6513127951768554
3.53 0.6552034877581319
3.54 0.6620719093611545
3.55 0.6725758378859519
3.56 0.6871306996483217
3.57 0.7058437096126062
3.58 0.7285881951150319
3.59 0.7551586156653181
3.6 0.7853709540299145
3.61 0.8190573397634822
3.62 0.8560200157466
3.63 0.8960077204005592
3.64 0.9387084469444029
3.65 0.9837390050955603
3.66 1.030639174167554
3.67 1.078881472515826
3.68 1.127909053137206
3.69 1.177208442608951
3.7 1.226393329740229
3.71 1.2752759548894
3.72 1.323899912353915
3.73 1.372485631021205
3.74 1.421300332742297
3.75 1.470527323251245
3.76 1.520153855073441
3.77 1.569866105047415
3.78 1.61899243737034
3.79 1.666515142738797
3.8 1.711106102818692
3.81 1.751176753209899
3.82 1.785005399901796
3.83 1.810974064131611
3.84 1.827819876165331
3.85 1.834756185027917
3.86 1.831445558976283
3.87 1.81793626617374
3.88 1.794644400908357
3.89 1.762367172711877
3.9 1.722262731188037
3.91 1.675755449056715
3.92 1.624395468763529
3.93 1.56971705902471
3.94 1.513106145366825
3.95 1.455699744628029
3.96 1.398348929409877
3.97 1.341639337545643
3.98 1.285944681657265
3.99 1.231482435302557
4 1.178357920720404
4.01 1.126628223181817
4.02 1.076403247125584
4.03 1.027947856042658
4.04 0.9817337369818921
4.050000000000001 0.9384150063156116
4.06 0.8987499847896574
4.07 0.8635058440758252
4.08 0.8333479953915592
4.09 0.8087106054234932
4.1 0.7896665866362227
4.11 0.7758127361777714
4.12 0.7661989079854687
4.13 0.7593673444780706
4.140000000000001 0.7535565692300725
4.15 0.747027526035978
4.16 0.738371113829408
4.17 0.726705868579522
4.18 0.7117747110389132
4.19 0.6939541168665979
4.2 0.6741914507386246
4.21 0.6538801326554715
4.220000000000001 0.634652464326293
4.23 0.6181132415827086
4.24 0.6055865528187807
4.25 0.5979380091323172
4.26 0.5955096894263905
4.27 0.5981436579174431
4.28 0.6052347953853485
4.29 0.6158094480107219
4.300000000000001 0.628641231802785
4.31 0.6423776368355285
4.32 0.655669327385465
4.33 0.6673274588689893
4.34 0.6765001189743582
4.35 0.6827972444287149
4.36 0.6863138224975183
4.37 0.6875606372020528
4.38 0.6873214591437313
4.390000000000001 0.6864907683706218
4.4 0.6859729883035124
4.41 0.686645280840152
4.42 0.6893346061012782
4.43 0.6947940342883427
4.44 0.703676702294743
4.45 0.7165008907130526
4.46 0.7335985610160312
4.470000000000001 0.7550584809912237
4.48 0.7807149370513407
4.49 0.8102017750295052
4.5 0.8430236015950956
4.51 0.8786050949225928
4.52 0.9163217712461331
4.53 0.955532506178574
4.54 0.995629577910548
4.55 1.036088303543559
4.56 1.076489631771968
4.57 1.116535151779823
4.58 1.156073411515003
4.59 1.19511294792891
4.600000000000001 1.233808648955512
4.61 1.272427700972805
4.62 1.311290864276168
4.63 1.350701792324014
4.640000000000001 1.390900990426339
4.65 1.432043733037264
4.66 1.474158927745619
4.67 1.51707987994115
4.68 1.560367906446114
4.69 1.603232851931564
4.7 1.644475475356237
4.71 1.682512852439165
4.720000000000001 1.715520626220098
4.73 1.741655036535506
4.74 1.759288275123573
4.75 1.767226560784867
4.76 1.764878191756918
4.77 1.752301269789997
4.78 1.73012058919726
4.79 1.699388978390762
4.8 1.66143865128101
4.81 1.617719323661078
4.82 1.569642035821475
4.83 1.518466947654832
4.84 1.465252916732621
4.850000000000001 1.410855502776343
4.86 1.355951892982161
4.87 1.301081579686147
4.88 1.246683950250635
4.890000000000001 1.193115438936782
4.9 1.14066421066701
4.91 1.089585962808649
4.92 1.040154184104813
4.93 0.9927158621932799
4.94 0.9477408015624325
4.95 0.9058258697099046
4.96 0.8676359648796339
4.970000000000001 0.8338158387659798
4.98 0.8049056235045873
4.99 0.7812634350539343
5 0.7629798822183322
5.01 0.7497620103846225
5.02 0.7408064448995457
5.03 0.7347601757531352
5.04 0.7298785117817443
5.05 0.7243671003461514
5.06 0.7167598453640087
5.07 0.7061804921519594
5.08 0.6924383234085174
5.09 0.6760118243203928
5.100000000000001 0.657971143629668
5.11 0.6398335416454
5.12 0.6233354956385098
5.13 0.610127376730083
5.140000000000001 0.6014504309062101
5.15 0.5979026223375166
5.16 0.5993754188186564
5.17 0.6051536686972159
5.180000000000001 0.6141074056335323
5.19 0.6249119099807654
5.2 0.6362462544796608
5.21 0.6469364226817071
5.220000000000001 0.6560398549219344
5.23 0.6629009449133765
5.24 0.6672020728984882
5.25 0.6689742433890427
5.26 0.6685209143859687
5.27 0.6662754233893864
5.28 0.6626603679108527
5.29 0.658017523838287
5.3 0.6526244720620666
5.31 0.646737653511464
5.32 0.6406057878297831
5.33 0.6344597113030037
5.34 0.6284972822769457
5.350000000000001 0.6228703922240078
5.36 0.6176879441875567
5.37 0.6130382432122947
5.38 0.6090029659743532
5.390000000000001 0.6056437396131136
5.4 0.6029914428583525
5.41 0.6010640500129782
5.42 0.5998848305903817
5.430000000000001 0.5994691402699259
5.44 0.5997926345796754
5.45 0.6007720491900788
5.46 0.60227330480576
5.470000000000001 0.6041444939514973
5.48 0.6062542068443566
5.49 0.6085073798956429
