0 1.364494107306129
0.01 1.358828875470165
0.02 1.354859978612116
0.03 1.352236715875696
0.04 1.350310176227095
0.05 1.348284024638275
0.06 1.345412251223638
0.07000000000000001 1.34109020592985
0.08 1.334880352128253
0.09 1.326540875732997
0.1 1.316016089372487
0.11 1.303373299245949
0.12 1.288712503212416
0.13 1.272060513778855
0.14 1.253290580645242
0.15 1.232144195460565
0.16 1.208379683661222
0.17 1.181953791392949
0.18 1.153132144329264
0.19 1.122515584721123
0.2 1.090983643418569
0.21 1.059553862875589
0.22 1.029234567652264
0.23 1.000961458798034
0.24 0.9755939737710593
0.25 0.9539119370240341
0.26 0.9366194829716448
0.27 0.9243334529358362
0.28 0.917501794687082
0.29 0.9163045078476393
0.3 0.9206183047836745
0.31 0.9300276768568598
0.32 0.9438621773559288
0.33 0.9612958202049908
0.34 0.9815049844664614
0.35 1.003787682315227
0.36 1.027557367174568
0.37 1.052266351472608
0.38 1.077366326486504
0.39 1.102318916104718
0.4 1.126621104768442
0.41 1.149816835845608
0.42 1.171462042814932
0.43 1.191071308792938
0.44 1.208138788259828
0.45 1.222232209727921
0.46 1.233057804294633
0.47 1.240447605524743
0.48 1.244314650904413
0.49 1.244664699497259
0.5 1.241687236304274
0.51 1.235830988690672
0.52 1.227784419932685
0.53 1.218449811725269
0.54 1.209052016001712
0.55 1.201288038682045
0.5600000000000001 1.197205678145327
0.5700000000000001 1.198657571481833
0.58 1.206650448825866
0.59 1.221069953628905
0.6 1.240827619851266
0.61 1.264211072187163
0.62 1.289328653122817
0.63 1.314497298634579
0.64 1.338422250906258
0.65 1.360238132349329
0.66 1.379536460514478
0.67 1.396373350918277
0.68 1.411183978784527
0.6900000000000001 1.424572527830421
0.7000000000000001 1.437033870237964
0.71 1.448718019559375
0.72 1.459323211654779
0.73 1.468120946284883
0.74 1.474068657434851
0.75 1.475990732610585
0.76 1.472822703372268
0.77 1.463848126285713
0.78 1.448816494639571
0.79 1.427928059750678
0.8 1.401763374781713
0.8100000000000001 1.371190658948604
0.8200000000000001 1.337251825254056
0.8300000000000001 1.301073542380869
0.84 1.263819023010594
0.85 1.226636486107536
0.86 1.19059413542608
0.87 1.156618699022985
0.88 1.125437357500659
0.89 1.097520244377368
0.9 1.073045242521455
0.91 1.051927691121731
0.92 1.033918872248366
0.93 1.018731275052497
0.9400000000000001 1.006164515866806
0.9500000000000001 0.9961992164497606
0.96 0.9889540183871315
0.97 0.9844580415892099
0.98 0.9824153084622878
0.99 0.9821225266758669
1 0.9824783329152615
1.01 0.9820575992001488
1.02 0.9793124797743071
1.03 0.9728579359392939
1.04 0.9617311543718796
1.05 0.9455155649272644
1.06 0.9242958187796879
1.07 0.8985628819738887
1.08 0.8691639741134161
1.09 0.8372155688745018
1.1 0.8039350630682218
1.11 0.7704990549815665
1.12 0.7379820250266165
1.13 0.7073400301089801
1.14 0.679409420938224
1.15 0.6549044726879396
1.16 0.6344629567938642
1.17 0.6187645325566207
1.18 0.6086104986952154
1.19 0.6048862033439795
1.2 0.6084616581282032
1.21 0.6200973287565841
1.22 0.6403520320138387
1.23 0.6694334306202725
1.24 0.7069692856801701
1.25 0.7517913393677289
1.26 0.8018952455727111
1.27 0.8546985459226688
1.28 0.9075128967616628
1.29 0.9579915586631067
1.3 1.004441321125638
1.31 1.046019312010348
1.32 1.082768850778488
1.33 1.115435593352754
1.34 1.145126712146753
1.35 1.172897533094925
1.36 1.199276074612225
1.37 1.223843114868772
1.38 1.245200354396784
1.39 1.261550649752932
1.4 1.271615577846729
1.41 1.275262401798885
1.42 1.273591687375109
1.43 1.268857490270151
1.44 1.264327123301082
1.45 1.26357723619757
1.46 1.269238196630166
1.47 1.282143919831812
1.48 1.301458533728814
1.49 1.325361864304723
1.5 1.351754400795562
1.51 1.378715112534172
1.52 1.404701453158284
1.53 1.428690976502722
1.54 1.450293018363789
1.55 1.469692456803209
1.56 1.487418503604875
1.57 1.504040463677974
1.58 1.519896857014794
1.59 1.534957149857658
1.6 1.548847091735365
1.61 1.560948858075263
1.62 1.570475543345988
1.63 1.576503913879943
1.64 1.578003393633397
1.65 1.573926958856523
1.66 1.563413812114766
1.67 1.546041484832144
1.68 1.521966147732665
1.69 1.491889968481227
1.7 1.456959818740119
1.71 1.418658875722917
1.72 1.378670767124348
1.73 1.338743572487813
1.74 1.30057130630021
1.75 1.265649461021185
1.76 1.23509453572088
1.77 1.209513942782473
1.78 1.189006035549647
1.79 1.173238740773419
1.8 1.161545217245822
1.81 1.153061807063436
1.82 1.14688124573567
1.83 1.142098060089055
1.84 1.137681190186601
1.85 1.132323473522654
1.86 1.124501789599184
1.87 1.112732070578224
1.88 1.095802960429781
1.89 1.072878227222383
1.9 1.043532997666049
1.91 1.007849234956574
1.92 0.9665625660131312
1.93 0.9210698534635955
1.94 0.8732016405172756
1.95 0.8248918006961339
1.96 0.7778882484768923
1.97 0.7335659096591338
1.98 0.6928640211089196
1.99 0.6563584153437918
2 0.6244716230229583
2.01 0.5977147359983026
2.02 0.5768135550723459
2.03 0.5626801630187228
2.04 0.5562667716914924
2.05 0.5584076449235496
2.06 0.5697224480783829
2.07 0.5905418519993022
2.08 0.620834413957922
2.09 0.660085146681503
2.1 0.7070941896727225
2.11 0.7599009696696681
2.12 0.8160129866678116
2.13 0.8727781482582864
2.14 0.9276989279761234
2.15 0.9787324356091336
2.16 1.024605658054809
2.17 1.064968975688403
2.18 1.100278960631209
2.19 1.131526438120529
2.2 1.159956665966807
2.21 1.186776343317284
2.22 1.212729900859799
2.23 1.237592471786963
2.24 1.259969299915306
2.25 1.277766412303813
2.26 1.289119752386185
2.27 1.293111210798701
2.28 1.289912782074947
2.29 1.280628153103874
2.3 1.267179463548607
2.31 1.252243590956078
2.32 1.239061066204676
2.33 1.230929008262917
2.34 1.230288405341571
2.35 1.237799271975779
2.36 1.252199862718494
2.37 1.271095092702929
2.38 1.291895668850424
2.39 1.312362597903352
2.4 1.330884321837374
2.41 1.346640098698323
2.42 1.359577392934481
2.43 1.370183424431904
2.44 1.379193750816539
2.45 1.387313877660185
2.46 1.394921317816713
2.47 1.401836744779485
2.48 1.407309705237013
2.49 1.410196774549116
2.5 1.409197468479253
2.51 1.40306530313099
2.52 1.390794996998565
2.53 1.371811506141635
2.54 1.346131209410539
2.55 1.31442132814788
2.56 1.27792315107437
2.57 1.238242848847903
2.58 1.197105396746164
2.59 1.15622897673305
2.6 1.117302380652912
2.61 1.081921619643316
2.62 1.051425651872135
2.63 1.026682630837568
2.64 1.007946048983966
2.65 0.9948581066350775
2.66 0.9866002575567192
2.67 0.982136990434531
2.68 0.9804127922519492
2.69 0.9803724990887197
2.7 0.9808478868869912
2.71 0.9804724251445109
2.72 0.9777195018931888
2.73 0.971072085378113
2.74 0.9592830335504403
2.75 0.941619369024246
2.76 0.9180143744947862
2.77 0.8890952372171013
2.78 0.8560506838582413
2.79 0.8204130333991042
2.8 0.7838499375519228
2.81 0.7479439973145192
2.82 0.7139648081446319
2.83 0.682719564839728
2.84 0.6545500872201084
2.85 0.6294583296066261
2.86 0.6072631491900835
2.87 0.5877239985618861
2.88 0.5706391207300761
2.89 0.5559037280749473
2.9 0.5435202880133345
2.91 0.533631406957499
2.92 0.5265992096683512
2.93 0.5230387810766399
2.94 0.5237454045715038
2.95 0.529567601254608
2.96 0.5412980136203926
2.97 0.5595884031455931
2.98 0.5848474330368356
2.99 0.6170804724358088
3 0.655724117170164
3.01 0.699645076275011
3.02 0.7473073048235079
3.03 0.796911142276346
3.04 0.8465449195027412
3.05 0.8944777758309677
3.06 0.9394200868493514
3.07 0.9806279875139872
3.08 1.01794196423394
3.09 1.05175541965477
3.1 1.082829591090404
3.11 1.111965277748934
3.12 1.139655613411648
3.13 1.165865646024022
3.14 1.189996571756236
3.15 1.211032289892007
3.16 1.227826062722691
3.17 1.239404372051994
3.18 1.245205224323914
3.19 1.245270502048398
3.2 1.240405496318681
3.21 1.232259651508391
3.22 1.223260876305679
3.23 1.21638500056916
3.24 1.214715680201636
3.25 1.220664501703071
3.26 1.235062566214205
3.27 1.256875281362481
3.28 1.283863298548551
3.29 1.313506644242267
3.3 1.343534993174435
3.31 1.372119314899601
3.32 1.39800842855154
3.33 1.420655217693572
3.34 1.440150304812455
3.35 1.456963024708971
3.36 1.471737234526431
3.37 1.485168894275535
3.38 1.497783161651455
3.39 1.509637416969055
3.4 1.520153302305221
3.41 1.528167304758921
3.42 1.53215619262047
3.43 1.530564983586255
3.44 1.522152830903725
3.45 1.506269099205649
3.46 1.483010081507726
3.47 1.453244414943184
3.48 1.418472880141611
3.49 1.380530428240748
3.5 1.341267594501538
3.51 1.302339934198722
3.52 1.265114720546517
3.53 1.230649032037938
3.54 1.199711530992018
3.55 1.172821566771791
3.56 1.150251146818645
3.57 1.131998121752007
3.58 1.117806633223888
3.59 1.107252829526005
3.6 1.099849094466334
3.61 1.095101622006023
3.62 1.092476197230475
3.63 1.091297054122248
3.64 1.090646647422783
3.65 1.089320993374205
3.66 1.085880241749299
3.67 1.078802045369177
3.68 1.066694106655512
3.69 1.048517817318618
3.7 1.023769101910988
3.71 0.9925741881892893
3.72 0.9557198954285995
3.73 0.9146001338817493
3.74 0.8710205411386815
3.75 0.8269290813323735
3.76 0.7841963577781099
3.77 0.7444683402898744
3.78 0.7090949615213549
3.79 0.679122641266181
3.8 0.655269903820173
3.81 0.6379001541595439
3.82 0.627055656798249
3.83 0.6225152831547094
3.84 0.6239162453110709
3.85 0.631019812759833
3.86 0.6439484505106066
3.87 0.6631425578271655
3.88 0.6890791260002329
3.89 0.7218904720128227
3.9 0.7609133242680137
3.91 0.8044869606952649
3.92 0.8503077025832799
3.93 0.8960107398649306
3.94 0.9396091588907858
3.95 0.9797769995546051
3.96 1.015958704510414
3.97 1.048303703562874
3.98 1.077495422467221
3.99 1.104528084421578
4 1.130464497491293
4.01 1.156136953432166
4.02 1.181711847639056
4.03 1.206276359405068
4.04 1.22790965978892
4.050000000000001 1.244431464558385
4.06 1.254377233590019
4.07 1.257586869815869
4.08 1.255248042774243
4.09 1.249704366798388
4.1 1.24422292877445
4.11 1.242384075204294
4.12 1.246952663155139
4.13 1.259001107986314
4.140000000000001 1.277896696807421
4.15 1.301807020840294
4.16 1.3283481187336
4.17 1.355244068728817
4.18 1.38075751044135
4.19 1.403855642884413
4.2 1.424218527552766
4.21 1.442074515588095
4.220000000000001 1.457943715025332
4.23 1.472440299879432
4.24 1.486138802008228
4.25 1.499459994477254
4.26 1.512573174825515
4.27 1.525313904434738
4.28 1.537148353959501
4.29 1.547218535307265
4.300000000000001 1.554441357723955
4.31 1.557642850610845
4.32 1.555734474513617
4.33 1.547906546768962
4.34 1.533813488385274
4.35 1.513691305265958
4.36 1.48831244486582
4.37 1.458813336811408
4.38 1.426522286359446
4.390000000000001 1.392839155740305
4.4 1.359160032205365
4.41 1.326806065067752
4.42 1.296907569028426
4.43 1.270279007458817
4.44 1.247351564655012
4.45 1.22814940800772
4.46 1.212280836104894
4.470000000000001 1.198997831691773
4.48 1.187364010550242
4.49 1.176427315147601
4.5 1.165293082824965
4.51 1.153173656291522
4.52 1.139472021445058
4.53 1.123818715897195
4.54 1.106092049295134
4.55 1.086469248287813
4.56 1.065317936235137
4.57 1.042900717873194
4.58 1.019221459740933
4.59 0.9941015171590961
4.600000000000001 0.9673019286552416
4.61 0.9386664304989032
4.62 0.9082804317028814
4.63 0.8765271219703492
4.640000000000001 0.8439875832328592
4.65 0.8112591844675099
4.66 0.7788240529557919
4.67 0.7470523625327874
4.68 0.7162854899672868
4.69 0.6869029585071891
4.7 0.6593983726546742
4.71 0.6344954771231737
4.720000000000001 0.6132134659099333
4.73 0.5968312408547667
4.74 0.5868075054875082
4.75 0.584650502142384
4.76 0.5916823029010585
4.77 0.6087676920463552
4.78 0.6361410960458374
4.79 0.6733411046625193
4.8 0.7191566057312286
4.81 0.7715989603585514
4.82 0.8280919946586751
4.83 0.8859223169662034
4.84 0.9426890405185571
4.850000000000001 0.996559511508667
4.86 1.046351026796417
4.87 1.091491793634481
4.88 1.131924187886999
4.890000000000001 1.168006576873225
4.9 1.200383976421643
4.91 1.229688208841436
4.92 1.256071890788439
4.93 1.278947554894408
4.94 1.297247241354656
4.95 1.31003905310037
4.96 1.317031410230751
4.970000000000001 1.318677758094195
4.98 1.316105017739463
4.99 1.311211404615238
5 1.306788523368565
5.01 1.306109785030358
5.02 1.311807419792009
5.03 1.324791213510093
5.04 1.344078872052429
5.05 1.367477555395681
5.06 1.392481730334513
5.07 1.416922712289529
5.08 1.439265853892877
5.09 1.458717816064171
5.100000000000001 1.475250015481326
5.11 1.489481244094164
5.12 1.50242402560962
5.13 1.515184101900651
5.140000000000001 1.528657817457276
5.15 1.543260198991003
5.16 1.558786607111774
5.17 1.574474084712327
5.180000000000001 1.589196779596262
5.19 1.601688691438114
5.2 1.610727381639244
5.21 1.615289986139035
5.220000000000001 1.614723350424566
5.23 1.608895773157456
5.24 1.598240804592072
5.25 1.583653249730466
5.26 1.566272207688574
5.27 1.547215127071831
5.28 1.527387925081711
5.29 1.507474526665876
5.3 1.488016507052611
5.31 1.469456237026589
5.32 1.452161518626083
5.33 1.436459481411295
5.34 1.422650410653416
5.350000000000001 1.410989388421339
5.36 1.401646290447708
5.37 1.394666782329934
5.38 1.389951096071671
5.390000000000001 1.387253049568348
5.4 1.38621922415627
5.41 1.386486146107506
5.42 1.387791966103789
5.430000000000001 1.39002589957015
5.44 1.393191618768235
5.45 1.397316456802916
5.46 1.402360495102558
5.470000000000001 1.408190725628801
5.48 1.414633378636892
5.49 1.421543548623066
