0 1.191561880308607
0.01 1.193619107118024
0.02 1.194681503297142
0.03 1.19447447611632
0.04 1.192739711283704
0.05 1.189266351242889
0.06 1.183874277255461
0.07000000000000001 1.176426395885405
0.08 1.166887880363632
0.09 1.155395257445725
0.1 1.142311708045695
0.11 1.12823317998488
0.12 1.113895031512532
0.13 1.10000922849752
0.14 1.087143874424297
0.15 1.07568612831058
0.16 1.065832768316758
0.17 1.057613669703371
0.18 1.050971117830788
0.19 1.045842180692329
0.2 1.042210337237504
0.21 1.040081493946727
0.22 1.03937735496743
0.23 1.03990576654346
0.24 1.041477530648363
0.25 1.044007016773019
0.26 1.047504043804626
0.27 1.052030790912808
0.28 1.057668165621428
0.29 1.064480931023655
0.3 1.072490722349221
0.31 1.081663473019896
0.32 1.091909092247596
0.33 1.103094198983537
0.34 1.115065564179118
0.35 1.127658949500745
0.36 1.14060307538144
0.37 1.153307703504781
0.38 1.164706707205332
0.39 1.173244652681829
0.4 1.176946062264649
0.41 1.173544968262751
0.42 1.160682468951883
0.43 1.136216351093796
0.44 1.09870037509641
0.45 1.048008502380713
0.46 0.9859545711797493
0.47 0.9165193321511902
0.48 0.8452596933237126
0.49 0.7779274404087362
0.5 0.7189605367933245
0.51 0.6707065269792043
0.52 0.6335908819467848
0.53 0.6066902311733626
0.54 0.588211432244508
0.55 0.5759529198247604
0.5600000000000001 0.5679216892907295
0.5700000000000001 0.5628321814659358
0.58 0.5601235353553751
0.59 0.55953013049169
0.6 0.560670247029333
0.61 0.5630501946085316
0.62 0.5662851370979833
0.63 0.5701498810678007
0.64 0.57451218362108
0.65 0.5793496250672603
0.66 0.5847941708224313
0.67 0.5911173126458533
0.68 0.5987049206955817
0.6900000000000001 0.608060894910837
0.7000000000000001 0.6198042557489147
0.71 0.6346807423584293
0.72 0.6536599276165562
0.73 0.678033474501861
0.74 0.7093441408836481
0.75 0.7490307630708539
0.76 0.7976035359867768
0.77 0.853477464598873
0.78 0.9121770322280134
0.79 0.9662287848167104
0.8 1.006445875874863
0.8100000000000001 1.025579562154508
0.8200000000000001 1.021931817824365
0.8300000000000001 0.9996660536359299
0.84 0.966300356015227
0.85 0.9295713618021959
0.86 0.8951848428537499
0.87 0.8660662571100506
0.88 0.8430526420764783
0.89 0.8263943776043963
0.9 0.8169322856970096
0.91 0.8162224924004171
0.92 0.8258013876227759
0.93 0.846080306611106
0.9400000000000001 0.8755363539197916
0.9500000000000001 0.911134869421204
0.96 0.9499766627434187
0.97 0.9905719771332624
0.98 1.032437076582733
0.99 1.074643719288789
1 1.114971170236252
1.01 1.150698158499086
1.02 1.180180574850621
1.03 1.203182875910668
1.04 1.219893551980069
1.05 1.23034853523054
1.06 1.234673456090086
1.07 1.233307859663523
1.08 1.226896994184531
1.09 1.2160882361253
1.1 1.201467346478839
1.11 1.183690823686169
1.12 1.163631821227326
1.13 1.142359039389773
1.14 1.121007224413517
1.15 1.100708121415417
1.16 1.082564930848243
1.17 1.067520172814475
1.18 1.056205894963106
1.19 1.04896792799711
1.2 1.045970721930756
1.21 1.04719816819543
1.22 1.052390078901181
1.23 1.061048764856832
1.24 1.072511476067009
1.25 1.08599528331415
1.26 1.100583881613082
1.27 1.115170864975249
1.28 1.128381002683849
1.29 1.138510580144263
1.3 1.143515842011508
1.31 1.141065871038878
1.32 1.128702176530528
1.33 1.104182553498685
1.34 1.066066551122709
1.35 1.014440224459867
1.36 0.9514147007303428
1.37 0.8810108327747974
1.38 0.8083899352646453
1.39 0.7387088067083347
1.4 0.676092915743518
1.41 0.6231888314922758
1.42 0.5811776604744532
1.43 0.5499012871042952
1.44 0.5281957707252829
1.45 0.5144116393690901
1.46 0.506735956803718
1.47 0.5033014938983325
1.48 0.5023747871314894
1.49 0.502653187384265
1.5 0.5035123160719772
1.51 0.5051293256203424
1.52 0.5083938436393574
1.53 0.514500623297157
1.54 0.5243833687627513
1.55 0.5382695100565558
1.56 0.5554882185388577
1.57 0.5745542730058402
1.58 0.5934086958362754
1.59 0.6096676843466384
1.6 0.6208756903532544
1.61 0.6247991323107431
1.62 0.6198675654898391
1.63 0.606401427178167
1.64 0.5886794306048584
1.65 0.5748891938061549
1.66 0.5725894873833441
1.67 0.5836620376310711
1.68 0.6040738105105197
1.69 0.6277528101769692
1.7 0.650093324841734
1.71 0.6687865705980296
1.72 0.6832216646426046
1.73 0.6939613921496148
1.74 0.7024116092052433
1.75 0.7103773010878891
1.76 0.7194720790672751
1.77 0.7307351272111662
1.78 0.7447516401664735
1.79 0.7620166264298298
1.8 0.7831317627346071
1.81 0.8087021045177565
1.82 0.8388690713538693
1.83 0.8727753217427097
1.84 0.9087396062596591
1.85 0.9452900982274617
1.86 0.9819654448464279
1.87 1.018914855085862
1.88 1.055780156403443
1.89 1.091140772684878
1.9 1.123069660939569
1.91 1.149954905643868
1.92 1.170663825069582
1.93 1.184369083337265
1.94 1.190612181908326
1.95 1.189513188060671
1.96 1.181893045096244
1.97 1.169213885575558
1.98 1.153308868749167
1.99 1.136018176149227
2 1.118922280307921
2.01 1.103244250021092
2.02 1.08985381576267
2.03 1.07931429060715
2.04 1.071974227900858
2.05 1.068087506395446
2.06 1.06788285235176
2.07 1.071518892137447
2.08 1.078958191545923
2.09 1.089852699135737
2.1 1.103502917036126
2.11 1.118895061294311
2.12 1.134796721065032
2.13 1.149843660654214
2.14 1.162556355849588
2.15 1.171341630942325
2.16 1.174538885045092
2.17 1.170511670792657
2.18 1.157802703751092
2.19 1.135340031645836
2.2 1.102656278813742
2.21 1.060128578067908
2.22 1.009143816052194
2.23 0.9519850852474541
2.24 0.8914698298275638
2.25 0.8305231699310074
2.26 0.7717630397368973
2.27 0.7172325847635328
2.28 0.66839449638268
2.29 0.6262230466209484
2.3 0.5911421986940795
2.31 0.5628894296484219
2.32 0.5406019412404337
2.33 0.5231455206030198
2.34 0.5094987790881458
2.35 0.4990428660926458
2.36 0.4916419464772428
2.37 0.4875561446342269
2.38 0.4873096803001351
2.39 0.4915270545239494
2.4 0.5007393987773061
2.41 0.5151294217961784
2.42 0.5342153469383222
2.43 0.5567401376881809
2.44 0.5809198170465208
2.45 0.604803492401587
2.46 0.6265283692081476
2.47 0.6444242696824602
2.48 0.6569948924020785
2.49 0.6630346417312696
2.5 0.662094290926269
2.51 0.6550690300207398
2.52 0.6444862433976453
2.53 0.6340650584486096
2.54 0.6274809352847894
2.55 0.6270492590348455
2.56 0.6331673221957894
2.57 0.6445782241884701
2.58 0.6587955465294781
2.59 0.6725312934357697
2.6 0.6826640701795919
2.61 0.6874885688189343
2.62 0.6874292179397994
2.63 0.6850711831304039
2.64 0.6845171732018578
2.65 0.6900714806511541
2.66 0.705079782350448
2.67 0.7313083536456428
2.68 0.768029706200533
2.69 0.8113369783595248
2.7 0.8553860408582512
2.71 0.8950717418217886
2.72 0.9278414119132998
2.73 0.9537746908393459
2.74 0.9749078491774261
2.75 0.9944046290971293
2.76 1.015461209932838
2.77 1.040102875304846
2.78 1.068279962523627
2.79 1.097946945091449
2.8 1.126283476427944
2.81 1.150880665320361
2.82 1.170191370057564
2.83 1.183676724321284
2.84 1.191725599559095
2.85 1.195247621321695
2.86 1.195237303285535
2.87 1.192587647788894
2.88 1.188104638205638
2.89 1.182487948232272
2.9 1.176248663561865
2.91 1.169735427901012
2.92 1.16328561349938
2.93 1.157342719723108
2.94 1.152449202928457
2.95 1.149158411426993
2.96 1.147930607918818
2.97 1.149040501894383
2.98 1.152479957626875
2.99 1.157858185432367
3 1.164379097604816
3.01 1.170916351806242
3.02 1.176079079351653
3.03 1.178228893020006
3.04 1.175526906015316
3.05 1.166022320549819
3.06 1.147763146638717
3.07 1.119022489702566
3.08 1.078682504432297
3.09 1.026676736389697
3.1 0.9644056437291209
3.11 0.8949198329577204
3.12 0.8225054413761574
3.13 0.7516766213882864
3.14 0.6861216624460544
3.15 0.6281150822046353
3.16 0.5785361097079162
3.17 0.5373105606349586
3.18 0.5038910360796285
3.19 0.4775986101035086
3.2 0.457950010100971
3.21 0.4448673008230966
3.22 0.4384560819020225
3.23 0.4384531564108851
3.24 0.4437928195349627
3.25 0.4525812882219435
3.26 0.4624868149120145
3.27 0.4713034571192702
3.28 0.477365647387098
3.29 0.4797376617571771
3.3 0.478184324166997
3.31 0.4727737688589575
3.32 0.4635960745513596
3.33 0.451255991739957
3.34 0.4373060738099168
3.35 0.4237479873338739
3.36 0.4122989100105841
3.37 0.4040472329793934
3.38 0.3993755366084404
3.39 0.3981162394321265
3.4 0.3999614014313435
3.41 0.4049066380004014
3.42 0.4134145411917731
3.43 0.4262266123580445
3.44 0.4440290233092119
3.45 0.4671388185788463
3.46 0.4953021666784352
3.47 0.5277348851514181
3.48 0.5633706228860631
3.49 0.6010881762815341
3.5 0.6397238029984336
3.51 0.6777632943528458
3.52 0.7131290690515146
3.53 0.7440495621807264
3.54 0.7705444347226642
3.55 0.7942573143433909
3.56 0.8164975266157555
3.57 0.8369758838203243
3.58 0.854165070137725
3.59 0.8663914987588539
3.6 0.8730379971502558
3.61 0.8752121856732549
3.62 0.8753965961227186
3.63 0.8765825059911512
3.64 0.8816121323746762
3.65 0.8929106967085962
3.66 0.9124515456826314
3.67 0.9416008694570879
3.68 0.9805418796066094
3.69 1.027532995911613
3.7 1.078838405103539
3.71 1.12981800758165
3.72 1.176353609521383
3.73 1.215435943067003
3.74 1.245033621883589
3.75 1.264069243296495
3.76 1.272589708284842
3.77 1.271766476561846
3.78 1.263606479762451
3.79 1.250434326365024
3.8 1.23441536235825
3.81 1.217383099749219
3.82 1.200874908744406
3.83 1.186209131644014
3.84 1.174587297895954
3.85 1.167142902548863
3.86 1.164795683265154
3.87 1.167987078249102
3.88 1.176547508896944
3.89 1.189748956568794
3.9 1.206358249855356
3.91 1.224595763721862
3.92 1.242092824000435
3.93 1.255903006834752
3.94 1.262553557914126
3.95 1.258230372776831
3.96 1.239203972210738
3.97 1.202497014221398
3.98 1.146853572011349
3.99 1.073977983719749
4 0.9893525960193088
4.01 0.9014379498938343
4.02 0.8190019169159832
4.03 0.7482936458775722
4.04 0.6920597918777247
4.050000000000001 0.6503140270095313
4.06 0.6214119049363234
4.07 0.6028193543256801
4.08 0.5918081505811621
4.09 0.5860092372762304
4.1 0.5835703503800369
4.11 0.5830231956291403
4.12 0.5831262517727467
4.13 0.5828293741034418
4.140000000000001 0.5814462776181824
4.15 0.5788817891175633
4.16 0.5756006862454952
4.17 0.5724499931539686
4.18 0.5705082210538035
4.19 0.5708081247233965
4.2 0.5741043787568199
4.21 0.5809219745441707
4.220000000000001 0.5916068908452243
4.23 0.6061848518859341
4.24 0.6241131413942247
4.25 0.6439476347778164
4.26 0.6628739914643536
4.27 0.6761884511737439
4.28 0.677546538219806
4.29 0.6612788235621263
4.300000000000001 0.6266239096925781
4.31 0.5807334896206937
4.32 0.5365201528918
4.33 0.5062948933677012
4.34 0.4965732551140354
4.35 0.5066788851928177
4.36 0.5306357881046226
4.37 0.561148901711606
4.38 0.5929808408619315
4.390000000000001 0.623750630503757
4.4 0.6530114876525324
4.41 0.6810847340291044
4.42 0.7082494059561073
4.43 0.7344135163519008
4.44 0.7591501410368204
4.45 0.7819625378601724
4.46 0.8026404031080414
4.470000000000001 0.8216093361323438
4.48 0.8402403138099057
4.49 0.8607874445647825
4.5 0.8856603495625492
4.51 0.916424304006223
4.52 0.9531716166082482
4.53 0.9945936751999724
4.54 1.038583229821525
4.55 1.08277692398829
4.56 1.124698092180123
4.57 1.161868499535193
4.58 1.192421264660109
4.59 1.215705794129813
4.600000000000001 1.231951287314419
4.61 1.24148952407374
4.62 1.244581368852622
4.63 1.241723065519484
4.640000000000001 1.233783731621851
4.65 1.221840798266671
4.66 1.206955408854757
4.67 1.190084016896182
4.68 1.172153854734243
4.69 1.154158407113005
4.7 1.137117853780861
4.71 1.12196257956054
4.720000000000001 1.109461111154509
4.73 1.100196984847332
4.74 1.094589024644596
4.75 1.092931078273028
4.76 1.095371118295335
4.77 1.101827055721225
4.78 1.111923649464459
4.79 1.124977494059127
4.8 1.139997076999295
4.81 1.155725299630946
4.82 1.170740042416941
4.83 1.18349467797329
4.84 1.192257491579799
4.850000000000001 1.19508289177355
4.86 1.189871152839253
4.87 1.174508798165067
4.88 1.14718025325501
4.890000000000001 1.10691863449704
4.9 1.054244068748142
4.91 0.9916017577294927
4.92 0.9233265978215126
4.93 0.8549137417102939
4.94 0.7916281653533801
4.95 0.7369981899570046
4.96 0.6921507977257795
4.970000000000001 0.6563145576140181
4.98 0.6276967449132052
4.99 0.6041075606059971
5 0.5835121911237335
5.01 0.5645645037499545
5.02 0.5467776432586877
5.03 0.5303087630346166
5.04 0.5156074343317405
5.05 0.5030953207694822
5.06 0.4930533838460613
5.07 0.4857354294903926
5.08 0.4815107565999899
5.09 0.4808951160118973
5.100000000000001 0.4844234256740769
5.11 0.492389648539751
5.12 0.504616087354119
5.13 0.5204011655899139
5.140000000000001 0.5385839271864565
5.15 0.5575775070190323
5.16 0.5754080543575277
5.17 0.590067174559691
5.180000000000001 0.6003687444069863
5.19 0.6066807060663684
5.2 0.6106060288225095
5.21 0.6138068428814263
5.220000000000001 0.6169561584533443
5.23 0.6194385043389166
5.24 0.6198976838620527
5.25 0.6172874214199329
5.26 0.6117573057328212
5.27 0.6047444287280648
5.28 0.598274850400299
5.29 0.5942368172248527
5.3 0.5941305425770205
5.31 0.5990098921974125
5.32 0.6093367973088819
5.33 0.6248834209108791
5.34 0.6448252972815069
5.350000000000001 0.667951394629938
5.36 0.6928682912222461
5.37 0.7182113757848674
5.38 0.7428838466190042
5.390000000000001 0.7662134611279319
5.4 0.7879391219076073
5.41 0.8080516669297033
5.42 0.8266073671919347
5.430000000000001 0.8436925665626882
5.44 0.8595395057937392
5.45 0.8746403185944933
5.46 0.8898587277708909
5.470000000000001 0.9065061036684492
5.48 0.9261680620402402
5.49 0.9502601649796985
