0 0.5414718039071629
0.01 0.5431006964481647
0.02 0.5446885682622435
0.03 0.5461896655863437
0.04 0.5475574115613642
0.05 0.5487487397640554
0.06 0.5497264465989734
0.07000000000000001 0.5504604009016465
0.08 0.5509298769269551
0.09 0.5511245532689927
0.1 0.5510429714358239
0.11 0.5506902113363219
0.12 0.5500760712299599
0.13 0.5492148774571474
0.14 0.5481276349343817
0.15 0.546844314133623
0.16 0.5454029398767946
0.17 0.5438463106676218
0.18 0.542219380570808
0.19 0.5405667064915209
0.2 0.5389297391362738
0.21 0.5373474783583744
0.22 0.5358593911590462
0.23 0.5345057086391067
0.24 0.53332698762551
0.25 0.5323661869847106
0.26 0.5316686028294624
0.27 0.53127582909003
0.28 0.531216918037413
0.29 0.5314998821354751
0.3 0.5321061591917779
0.31 0.5329920751072442
0.32 0.5340975659173786
0.33 0.5353585172345421
0.34 0.5367186216268771
0.35 0.5381359261178046
0.36 0.539582799724578
0.37 0.5410437044526655
0.38 0.5425138475623286
0.39 0.5439985694845947
0.4 0.5455110424913595
0.41 0.5470663713413055
0.42 0.548675624649915
0.43 0.5503427191023069
0.44 0.5520632944433389
0.45 0.5538245310292947
0.46 0.5556050623265281
0.47 0.5573759200839051
0.48 0.5591018937406446
0.49 0.5607418160941734
0.5 0.5622491470337548
0.51 0.5635725662680715
0.52 0.5646575189189506
0.53 0.5654517609519351
0.54 0.5659116553039838
0.55 0.5660038651520555
0.5600000000000001 0.5657038478147112
0.5700000000000001 0.5649952579486283
0.58 0.5638713020953819
0.59 0.5623379823118754
0.6 0.5604191107784398
0.61 0.5581601370347963
0.62 0.5556277880992356
0.63 0.55290707682905
0.64 0.5500966498597955
0.65 0.5473023591178448
0.66 0.5446303491279471
0.67 0.5421790531058591
0.68 0.5400332252099358
0.6900000000000001 0.5382612975938215
0.7000000000000001 0.5369092803069954
0.71 0.5359935232049693
0.72 0.5355017760370911
0.73 0.5354035278952843
0.74 0.5356625663896313
0.75 0.5362422003291748
0.76 0.5371023424721753
0.77 0.5381969780164402
0.78 0.5394745531674716
0.79 0.5408793408992841
0.8 0.5423568077913924
0.8100000000000001 0.54386144048882
0.8200000000000001 0.5453596034241628
0.8300000000000001 0.5468292708679976
0.84 0.548260209565308
0.85 0.5496508033938324
0.86 0.5510047373545763
0.87 0.5523324691414877
0.88 0.5536504823806648
0.89 0.5549753719781595
0.9 0.5563202712875094
0.91 0.5576935469912374
0.92 0.5590936258635647
0.93 0.5605034950321524
0.9400000000000001 0.5618920147440505
0.9500000000000001 0.5632200524867981
0.96 0.5644444359733697
0.97 0.5655165109331065
0.98 0.5663795963313552
0.99 0.566972269725103
1 0.5672369229589449
1.01 0.5671274308110095
1.02 0.5666134460012017
1.03 0.56568322815325
1.04 0.5643460157392859
1.05 0.5626320075198965
1.06 0.5605907071482477
1.07 0.5582913118754298
1.08 0.5558218373066994
1.09 0.5532817021478977
1.1 0.5507722049214966
1.11 0.5483893093084593
1.12 0.5462165701458586
1.13 0.544318623390867
1.14 0.5427375527756723
1.15 0.5414924752069307
1.16 0.5405839380655648
1.17 0.5400042212767591
1.18 0.5397497209935195
1.19 0.5398265415482039
1.2 0.5402437446748011
1.21 0.541001606630867
1.22 0.5420852772159741
1.23 0.5434639143281625
1.24 0.5450913399725102
1.25 0.546909067901193
1.26 0.5488539087398149
1.27 0.5508662028011694
1.28 0.5528931685491942
1.29 0.5548895389631203
1.3 0.5568198896392137
1.31 0.5586613880622734
1.32 0.5604031749388066
1.33 0.5620425877857972
1.34 0.5635815192540763
1.35 0.5650239800536615
1.36 0.5663739285958166
1.37 0.5676322054133327
1.38 0.5687928506487036
1.39 0.569842387933881
1.4 0.570762645459817
1.41 0.5715310195813365
1.42 0.5721170547287132
1.43 0.5724818429950848
1.44 0.572581181914092
1.45 0.5723684375701524
1.46 0.571798739758144
1.47 0.5708378283047512
1.48 0.5694722162735346
1.49 0.5677144097866512
1.5 0.565601136068274
1.51 0.5631886299073166
1.52 0.5605491800988368
1.53 0.5577685078568713
1.54 0.5549440674642969
1.55 0.5521840241723117
1.56 0.5496010941751296
1.57 0.5472989247386093
1.58 0.5453586996198891
1.59 0.5438321306539405
1.6 0.5427414021645047
1.61 0.5420865718597659
1.62 0.5418540376404878
1.63 0.5420164135473653
1.64 0.5425280268287236
1.65 0.5433259899819842
1.66 0.5443368573709916
1.67 0.5454840493951606
1.68 0.5466939857068757
1.69 0.5479023846833198
1.7 0.5490615003557334
1.71 0.5501438601150241
1.72 0.5511394593273646
1.73 0.5520506730483244
1.74 0.5528888490707249
1.75 0.5536725652626643
1.76 0.5544264743071505
1.77 0.5551787765457622
1.78 0.55595842083875
1.79 0.5567933933103633
1.8 0.5577053099318894
1.81 0.5586994139550381
1.82 0.5597576599316912
1.83 0.5608390402287117
1.84 0.5618839912375043
1.85 0.5628201712562736
1.86 0.5635701257110124
1.87 0.5640596754925614
1.88 0.5642242172210483
1.89 0.5640129198217808
1.9 0.5633913519577044
1.91 0.5623423413347111
1.92 0.5608678514348481
1.93 0.55899539866535
1.94 0.5567859592162214
1.95 0.5543336129082643
1.96 0.551753380996836
1.97 0.5491669613397729
1.98 0.5466939540352052
1.99 0.5444426885665019
2 0.5424966352243119
2.01 0.5409067158714149
2.02 0.5396984857818835
2.03 0.5388867073673205
2.04 0.5384832069393697
2.05 0.5384938808848452
2.06 0.5389112957474115
2.07 0.5397093243174819
2.08 0.5408427392420927
2.09 0.5422513515789228
2.1 0.5438659455485235
2.11 0.5456151980227186
2.12 0.5474317504095423
2.13 0.5492550976815654
2.14 0.5510334887477566
2.15 0.5527266478985491
2.16 0.5543082554793256
2.17 0.5557662274967888
2.18 0.5570999071267411
2.19 0.5583160897208549
2.2 0.5594252464783724
2.21 0.5604371501124485
2.22 0.5613561677113938
2.23 0.562178567986643
2.24 0.5628933913114123
2.25 0.5634859899840858
2.26 0.5639411944026442
2.27 0.5642440584518401
2.28 0.564379719697225
2.29 0.5643317637148633
2.3 0.5640768279349622
2.31 0.5635806228028766
2.32 0.5628014955780539
2.33 0.5616990871806813
2.34 0.5602438119826362
2.35 0.5584244208341616
2.36 0.5562513558266473
2.37 0.5537577087855587
2.38 0.5509993193599052
2.39 0.5480523618692855
2.4 0.5450104515542865
2.41 0.5419827219859928
2.42 0.5390871016391947
2.43 0.5364386690852386
2.44 0.5341416163616961
2.45 0.5322831784847114
2.46 0.5309245459569858
2.47 0.5300965686357648
2.48 0.5298030494939577
2.49 0.5300225097601516
2.5 0.5307068376280398
2.51 0.5317838357204805
2.52 0.5331664099587121
2.53 0.534762719321218
2.54 0.5364809077787713
2.55 0.5382320199370814
2.56 0.5399376371350717
2.57 0.5415405281280887
2.58 0.5430109239760015
2.59 0.5443438726266435
2.6 0.5455526606468143
2.61 0.5466623220496274
2.62 0.5477020139672215
2.63 0.5487025109628335
2.64 0.5496992185138574
2.65 0.5507273086606015
2.66 0.5518090556883309
2.67 0.5529475891388675
2.68 0.5541287952427298
2.69 0.5553225473047654
2.7 0.5564815914932926
2.71 0.5575425358023482
2.72 0.5584316319937652
2.73 0.5590749679208403
2.74 0.5594084623088803
2.75 0.5593819216239005
2.76 0.5589582342392212
2.77 0.5581135280712417
2.78 0.5568382945216026
2.79 0.5551360661209832
2.8 0.5530235845026789
2.81 0.5505370666772058
2.82 0.5477372360333845
2.83 0.544705415906286
2.84 0.5415362977817825
2.85 0.5383329254229
2.86 0.5352016431543594
2.87 0.5322458740134848
2.88 0.5295597543478701
2.89 0.52722341081401
2.9 0.5253005269062796
2.91 0.5238373695675665
2.92 0.5228625284696085
2.93 0.5223837423372204
2.94 0.5223821639354173
2.95 0.5228131467975528
2.96 0.523618376571926
2.97 0.5247411692113115
2.98 0.5261324061097913
2.99 0.5277457456551549
3 0.5295322417121114
3.01 0.5314421727702132
3.02 0.5334315516388654
3.03 0.5354647514676854
3.04 0.5375111173116793
3.05 0.5395421686840192
3.06 0.5415340414327273
3.07 0.5434713231745236
3.08 0.5453463019352204
3.09 0.5471543542696804
3.1 0.5488897314092247
3.11 0.5505446322095167
3.12 0.5521115270055059
3.13 0.5535847093290881
3.14 0.554958416881642
3.15 0.5562237319586798
3.16 0.5573660409472478
3.17 0.5583625061918306
3.18 0.5591819256929323
3.19 0.5597896213230777
3.2 0.5601521405305625
3.21 0.5602361485870062
3.22 0.5600064459433926
3.23 0.5594293393042185
3.24 0.558479551781207
3.25 0.5571458334522712
3.26 0.5554315323122853
3.27 0.5533534730811563
3.28 0.5509466018101963
3.29 0.5482703879097235
3.3 0.5454095324502046
3.31 0.5424694335245348
3.32 0.5395657889558673
3.33 0.536810908166944
3.34 0.5343049707101239
3.35 0.5321311862332359
3.36 0.5303505042236535
3.37 0.5290014606224775
3.38 0.5281054136195276
3.39 0.527668428049526
3.4 0.5276809664494826
3.41 0.5281195854957231
3.42 0.5289462072175248
3.43 0.5301037034783792
3.44 0.5315143076323336
3.45 0.533086441655686
3.46 0.5347289866577865
3.47 0.5363653004905906
3.48 0.537940838105187
3.49 0.5394249256470309
3.5 0.5408061516883962
3.51 0.5420827325268271
3.52 0.5432580793164926
3.53 0.5443452179431085
3.54 0.5453694892049247
3.55 0.5463620466173134
3.56 0.5473488692831379
3.57 0.5483450384614924
3.58 0.5493588434071975
3.59 0.5503990578501
3.6 0.5514750774185273
3.61 0.5525892867194624
3.62 0.5537298633484053
3.63 0.5548681760204334
3.64 0.5559579003159582
3.65 0.556935767192993
3.66 0.5577274571096539
3.67 0.5582571585484551
3.68 0.5584563156217035
3.69 0.5582702717416659
3.7 0.5576630678959587
3.71 0.5566228792384226
3.72 0.5551691914774509
3.73 0.5533542470108903
3.74 0.5512550748416091
3.75 0.5489643133085783
3.76 0.5465834639937074
3.77 0.5442150567292866
3.78 0.5419557854838382
3.79 0.5398926680735538
3.8 0.5380989454632044
3.81 0.5366306730038781
3.82 0.5355270208054551
3.83 0.5348119173453542
3.84 0.5344938597957414
3.85 0.5345625194982554
3.86 0.5349849737430067
3.87 0.5357107794371656
3.88 0.5366868850672811
3.89 0.5378688175168065
3.9 0.5392208217922323
3.91 0.5407121720356821
3.92 0.5423157418245472
3.93 0.5440064894583846
3.94 0.5457578749375827
3.95 0.5475409434031041
3.96 0.5493279381561186
3.97 0.5510952619575208
3.98 0.5528238435598628
3.99 0.5544974100571086
4 0.5560992108249228
4.01 0.5576106335088354
4.02 0.5590122291418803
4.03 0.5602837130704706
4.04 0.5614023604654149
4.050000000000001 0.5623432010075472
4.06 0.5630827687917934
4.07 0.5636012046869653
4.08 0.5638775160742754
4.09 0.563882868643089
4.1 0.5635796506614483
4.11 0.562926841629849
4.12 0.5618885072004737
4.13 0.5604423662617597
4.140000000000001 0.5585877448875876
4.15 0.556352774370827
4.16 0.5537946269488521
4.17 0.5509922975940351
4.18 0.5480400017032167
4.19 0.5450420504821788
4.2 0.5421084935239887
4.21 0.5393508102574793
4.220000000000001 0.536871958773817
4.23 0.5347526557754314
4.24 0.5330411793913374
4.25 0.5317502857764049
4.26 0.5308652954622224
4.27 0.5303601327236205
4.28 0.5302084353358165
4.29 0.530385498567559
4.300000000000001 0.5308662902011624
4.31 0.5316211458947306
4.32 0.5326096699153089
4.33 0.5337782348900546
4.34 0.5350650669355955
4.35 0.5364102488317258
4.36 0.5377659717218719
4.37 0.5391019471533003
4.38 0.540402181814878
4.390000000000001 0.5416584998549773
4.4 0.5428687784412238
4.41 0.5440373631261368
4.42 0.5451720863489173
4.43 0.5462796829213086
4.44 0.5473647519616477
4.45 0.5484341541823017
4.46 0.5495016562348236
4.470000000000001 0.5505856460782794
4.48 0.5517008986850431
4.49 0.5528502428358976
4.5 0.5540193836849913
4.51 0.5551763508975587
4.52 0.5562741756981081
4.53 0.5572535200886655
4.54 0.5580464672340466
4.55 0.5585834853728207
4.56 0.5588004994833252
4.57 0.558644403386201
4.58 0.5580786219449761
4.59 0.55708770624779
4.600000000000001 0.5556797212817001
4.61 0.5538874522667322
4.62 0.5517674516145366
4.63 0.5493956897093699
4.640000000000001 0.54686368429959
4.65 0.5442757101571897
4.66 0.5417399163353459
4.67 0.5393560275472822
4.68 0.5372089720181985
4.69 0.5353647863064276
4.7 0.5338668863160939
4.71 0.5327409981453106
4.720000000000001 0.5320048519877616
4.73 0.5316692717282936
4.74 0.53172988437369
4.75 0.5321604893634256
4.76 0.5329173459445603
4.77 0.5339522412401122
4.78 0.5352215456954482
4.79 0.5366835012760278
4.8 0.5382913222362056
4.81 0.5399928941531517
4.82 0.5417371539637551
4.83 0.5434812664711918
4.84 0.5451947712396594
4.850000000000001 0.5468586021180765
4.86 0.5484601240896821
4.87 0.5499889498592435
4.88 0.5514358497223972
4.890000000000001 0.5527922913352781
4.9 0.5540490907699176
4.91 0.5551958804512706
4.92 0.5562218305125947
4.93 0.5571160413189067
4.94 0.5578674492816426
4.95 0.5584653987510524
4.96 0.5589007478897933
4.970000000000001 0.5591666119081957
4.98 0.5592576453316863
4.99 0.5591666815484475
5 0.5588797157427234
5.01 0.5583726951660568
5.02 0.5576139371103422
5.03 0.556573384849872
5.04 0.555234202316866
5.05 0.5535989693532248
5.06 0.5516899276178326
5.07 0.5495487515886556
5.08 0.547235922517722
5.09 0.5448276796856701
5.100000000000001 0.5424107444886027
5.11 0.5400764204882638
5.12 0.5379151467726763
5.13 0.536007722024422
5.140000000000001 0.5344126632549304
5.15 0.5331578197811246
5.16 0.5322430937689
5.17 0.5316507379993164
5.180000000000001 0.5313546437712349
5.19 0.531326613729986
5.2 0.5315412737923884
5.21 0.5319772407114262
5.220000000000001 0.53261149895225
5.23 0.5334113627557028
5.24 0.5343326093787552
5.25 0.5353250380195805
5.26 0.5363402945259274
5.27 0.5373365804053162
5.28 0.5382771671465336
5.29 0.5391267428297837
5.3 0.5398524232026833
5.31 0.5404287273345872
5.32 0.5408415603058669
5.33 0.5410887465622441
5.34 0.541177406535178
5.350000000000001 0.5411214202368538
5.36 0.5409415633256527
5.37 0.5406668148139995
5.38 0.5403332154398431
5.390000000000001 0.5399782168806366
5.4 0.5396337791985306
5.41 0.5393225799382362
5.42 0.5390565846879035
5.430000000000001 0.5388364186854171
5.44 0.5386529000952931
5.45 0.5384916142895718
5.46 0.5383391835885333
5.470000000000001 0.5381889963625469
5.48 0.5380439854560549
5.49 0.5379148105605981
