0 0.1329703789991639
0.01 0.135165752727703
0.02 0.137246087049629
0.03 0.1392059099301894
0.04 0.1410518202638613
0.05 0.142807329434592
0.06 0.1445104817823477
0.07000000000000001 0.1462052656284643
0.08 0.1479351595807756
0.09 0.1497388997694005
0.1 0.1516446963656044
0.11 0.1536659419383248
0.12 0.1558020653784462
0.13 0.1580421877185358
0.14 0.160364740053379
0.15 0.1627343335281042
0.16 0.165105164867243
0.17 0.167430617864035
0.18 0.1696729308357687
0.19 0.1718117448231808
0.2 0.1738493398430592
0.21 0.1758075195252271
0.22 0.1777171225910461
0.23 0.1796088265507665
0.24 0.1815087422565549
0.25 0.1834344867244306
0.26 0.1853923963107578
0.27 0.187378323292636
0.28 0.1893780680693657
0.29 0.1913673436076202
0.3 0.1933160667921694
0.31 0.1951940158531356
0.32 0.1969710213525788
0.33 0.19861187279042
0.34 0.2000728139503565
0.35 0.2013042349656722
0.36 0.2022531290614786
0.37 0.2028612054361023
0.38 0.2030691907258788
0.39 0.202829068900729
0.4 0.2021109591767356
0.41 0.2009032037938807
0.42 0.1992118727697481
0.43 0.1970556374107755
0.44 0.1944550020740614
0.45 0.1914251717623774
0.46 0.1879772119932648
0.47 0.1841240046839987
0.48 0.1798879783427205
0.49 0.1753084167267138
0.5 0.170441852881356
0.51 0.1653511600935431
0.52 0.1600922057160377
0.53 0.1547101945774436
0.54 0.1492465488225934
0.55 0.1437528980441245
0.5600000000000001 0.138305533758091
0.5700000000000001 0.1330073571507393
0.58 0.1279729853179097
0.59 0.1233051683461408
0.6 0.1190725823900669
0.61 0.1153000279398064
0.62 0.1119773297872371
0.63 0.1090767643402275
0.64 0.1065638653320713
0.65 0.1043970714780906
0.66 0.1025205155170674
0.67 0.1008581451949722
0.68 0.0993142500434212
0.6900000000000001 0.09778353825311648
0.7000000000000001 0.09617174119171779
0.71 0.0944190203492159
0.72 0.09251824533700326
0.73 0.09052339142077948
0.74 0.0885416067794349
0.75 0.08670932437117163
0.76 0.08516356447271178
0.77 0.08401876007101272
0.78 0.08335330125850859
0.79 0.08320740094060497
0.8 0.0835906193058138
0.8100000000000001 0.08449266698859415
0.8200000000000001 0.08588938456367146
0.8300000000000001 0.0877430255649454
0.84 0.09000377052832231
0.85 0.09261270161061042
0.86 0.09550184107017134
0.87 0.09859467458592786
0.88 0.1018098066794453
0.89 0.1050657915091397
0.9 0.1082877532790505
0.91 0.1114139450191756
0.92 0.1143979683955383
0.93 0.1172061680165051
0.9400000000000001 0.1198118511176673
0.9500000000000001 0.1221876136409072
0.96 0.1242987501060027
0.97 0.1261054625435385
0.98 0.1275757796322203
0.99 0.1287002662695969
1 0.1295049919459199
1.01 0.1300631444240707
1.02 0.1304964537818147
1.03 0.1309579639354173
1.04 0.1316010961939327
1.05 0.1325487509605265
1.06 0.1338731202652097
1.07 0.1355887933441267
1.08 0.1376560887955129
1.09 0.1399889107546892
1.1 0.1424627404513172
1.11 0.1449233760640922
1.12 0.1472010209773327
1.13 0.1491350642986431
1.14 0.1506069996346016
1.15 0.1515677217045512
1.16 0.1520485611629079
1.17 0.152155974782481
1.18 0.1520529544486546
1.19 0.1519301492816227
1.2 0.1519715710181844
1.21 0.152322830114521
1.22 0.1530697198254565
1.23 0.1542293799156669
1.24 0.1557522206892683
1.25 0.1575338648504596
1.26 0.1594351911017142
1.27 0.161304015685344
1.28 0.1629939402856513
1.29 0.1643800370304591
1.3 0.1653673985440482
1.31 0.1658899872559214
1.32 0.1659079734143294
1.33 0.1654103161575042
1.34 0.1644169047855053
1.35 0.1629744681634522
1.36 0.1611481853156427
1.37 0.1590104494189042
1.38 0.1566254878940212
1.39 0.1540331474269161
1.4 0.1512431751426879
1.41 0.148248150348925
1.42 0.1450471189121947
1.43 0.1416654152923131
1.44 0.1381650611583334
1.45 0.1346430116845951
1.46 0.1312117884236148
1.47 0.1279692028220669
1.48 0.1249744552475516
1.49 0.1222376020604017
1.5 0.1197221556998338
1.51 0.1173604477575898
1.52 0.1150762801662335
1.53 0.1128079850368957
1.54 0.1105234547755503
1.55 0.1082202610248491
1.56 0.1059149899106924
1.57 0.1036287368223112
1.58 0.1013760507502717
1.59 0.09916876754380066
1.6 0.09703493876959701
1.61 0.09503961926902615
1.62 0.0932963146478123
1.63 0.0919612952003126
1.64 0.091205757869389
1.65 0.09117424342945046
1.66 0.0919499925914522
1.67 0.09354062248182515
1.68 0.09588440727342906
1.69 0.09887331721282244
1.7 0.1023816309025136
1.71 0.1062822976134798
1.72 0.1104453399969385
1.73 0.1147310132803678
1.74 0.1189911081477195
1.75 0.1230800556280327
1.76 0.1268715232458026
1.77 0.1302752855677864
1.78 0.1332487188849045
1.79 0.1357976561560976
1.8 0.1379624101546968
1.81 0.1397924795150196
1.82 0.1413225345182765
1.83 0.1425618946833795
1.84 0.1435030937819421
1.85 0.1441431715730861
1.86 0.1445027305493261
1.87 0.1446384142635866
1.88 0.1446509012173562
1.89 0.1446770895777041
1.9 0.1448604506278368
1.91 0.1453169206288747
1.92 0.1461128407219592
1.93 0.1472570741381656
1.94 0.1487078517727429
1.95 0.1503913922959743
1.96 0.152219467021693
1.97 0.1540966082138073
1.98 0.1559225152853561
1.99 0.1575999653903128
2 0.1590479698383156
2.01 0.1602147592871077
2.02 0.1610898277130115
2.03 0.1617119332132075
2.04 0.1621661033477029
2.05 0.1625675223467988
2.06 0.1630375519946092
2.07 0.1636796536348291
2.08 0.164562301977325
2.09 0.1657134326676815
2.1 0.1671221848069075
2.11 0.1687393812063878
2.12 0.1704755283045865
2.13 0.1722049368630252
2.14 0.1737865875415476
2.15 0.1750945751995525
2.16 0.1760372802644872
2.17 0.1765622625258843
2.18 0.1766579057573852
2.19 0.1763547767813023
2.2 0.1757239647239395
2.21 0.1748658811042807
2.22 0.1738841393052324
2.23 0.1728541391371952
2.24 0.1718035039360144
2.25 0.1707115873256075
2.26 0.1695227663943628
2.27 0.1681660682491311
2.28 0.1665789398134674
2.29 0.1647318055888043
2.3 0.16264482584221
2.31 0.1603877448840905
2.32 0.1580592394442499
2.33 0.1557531368733471
2.34 0.1535285862112072
2.35 0.1513987694986367
2.36 0.1493374617695116
2.37 0.1472926210129826
2.38 0.1451998892859869
2.39 0.1429952672638706
2.4 0.1406287494409719
2.41 0.1380770526417958
2.42 0.1353487631104198
2.43 0.1324806011722179
2.44 0.1295284338211449
2.45 0.1265554867346435
2.46 0.1236260946011152
2.47 0.120813764417866
2.48 0.1182170250506474
2.49 0.1159686347444744
2.5 0.1142304564911631
2.51 0.1131724438950936
2.52 0.1129414314436028
2.53 0.1136334358969471
2.54 0.1152792032538512
2.55 0.1178433860301453
2.56 0.1212335437783549
2.57 0.1253140718162911
2.58 0.1299206827817319
2.59 0.1348724121266036
2.6 0.1399802003840609
2.61 0.1450538390939906
2.62 0.1499132767271059
2.63 0.1544110102585918
2.64 0.1584595862279015
2.65 0.1620454096241684
2.66 0.1652165134426857
2.67 0.1680494110106796
2.68 0.1706128629024777
2.69 0.1729455758400906
2.7 0.175054583621943
2.71 0.176930748731321
2.72 0.1785668593358771
2.73 0.1799651568942719
2.74 0.1811348816344251
2.75 0.1820859296732262
2.76 0.1828263577980946
2.77 0.1833673705217578
2.78 0.1837328832397773
2.79 0.1839731444725032
2.8 0.1841738893708751
2.81 0.1844481551573836
2.82 0.184913480719473
2.83 0.1856606479561833
2.84 0.1867201883947587
2.85 0.1880457107611644
2.86 0.1895249408432367
2.87 0.1910065087264528
2.88 0.1923293310548848
2.89 0.1933481959815264
2.9 0.1939537459256311
2.91 0.1940950253966198
2.92 0.1938051431474133
2.93 0.1932127858813475
2.94 0.1925273567178252
2.95 0.1919977576637431
2.96 0.1918522557699136
2.97 0.1922420411475034
2.98 0.1932145635988451
2.99 0.1947214528814918
3 0.1966446737958689
3.01 0.1988221590438943
3.02 0.201069044240576
3.03 0.2031982376870465
3.04 0.2050361671500687
3.05 0.2064336870432841
3.06 0.2072775391048403
3.07 0.2074976117403633
3.08 0.2070645252325658
3.09 0.2059777558329543
3.1 0.2042479540002624
3.11 0.2018865154968514
3.12 0.1989069635695628
3.13 0.1953273959093575
3.14 0.1911738896312851
3.15 0.1864895096284354
3.16 0.1813402772055328
3.17 0.1758101719404586
3.18 0.1699887466704944
3.19 0.1639579258621717
3.2 0.157783625576509
3.21 0.1515169659159996
3.22 0.1452026029563696
3.23 0.1388876449585874
3.24 0.1326297972179642
3.25 0.1265027348141059
3.26 0.1205910184255687
3.27 0.1149767935791628
3.28 0.1097343004971139
3.29 0.1049346246530805
3.3 0.1006461839981947
3.31 0.09692431037924631
3.32 0.09379431801105387
3.33 0.09123734141961926
3.34 0.08919017718625266
3.35 0.08756406760127078
3.36 0.08627215931267784
3.37 0.08524625571090372
3.38 0.0844399977910868
3.39 0.08383397009558102
3.4 0.08344684263515845
3.41 0.08334074771168432
3.42 0.08361553812979405
3.43 0.08439409890223715
3.44 0.08579816555811703
3.45 0.08791719211968729
3.46 0.09078112952030626
3.47 0.09434843212656219
3.48 0.0985130058197683
3.49 0.1031266771740276
3.5 0.1080271307645333
3.51 0.1130619168899889
3.52 0.1181049653761903
3.53 0.1230633401109911
3.54 0.1278783181802678
3.55 0.132522549890604
3.56 0.1369865199191791
3.57 0.1412594388520967
3.58 0.1453156052102358
3.59 0.1491056798155403
3.6 0.1525537638511691
3.61 0.1555686531158482
3.62 0.158066831779279
3.63 0.1599914805010627
3.64 0.1613193368314008
3.65 0.1620581803274765
3.66 0.1622424264597928
3.67 0.161935959203177
3.68 0.1612373218556007
3.69 0.1602756271388035
3.7 0.1591990778704249
3.71 0.15816176567259
3.72 0.1573104145644146
3.73 0.1567734390966775
3.74 0.1566501790075652
3.75 0.1569964535388904
3.76 0.1578115392945154
3.77 0.159034075423107
3.78 0.1605487856429662
3.79 0.1622028263951893
3.8 0.1638275306146957
3.81 0.1652593058506664
3.82 0.16635914486801
3.83 0.167036966697748
3.84 0.1672801580273422
3.85 0.1671725149635757
3.86 0.166886910438576
3.87 0.1666445645683909
3.88 0.1666521333110937
3.89 0.1670427735316569
3.9 0.1678453845946217
3.91 0.1689900152264618
3.92 0.1703382945461858
3.93 0.1717175282912251
3.94 0.1729449523719415
3.95 0.1738475023395427
3.96 0.1742864114521625
3.97 0.1741795748149224
3.98 0.1735093227133193
3.99 0.1723123719138435
4 0.1706509497045943
4.01 0.1685767501048403
4.02 0.1661134649805405
4.03 0.1632646103903213
4.04 0.1600338502693566
4.050000000000001 0.1564466122637462
4.06 0.1525600615463993
4.07 0.1484531222346259
4.08 0.1442073373083135
4.09 0.1398944195720828
4.1 0.1355740421352669
4.11 0.1312991158006422
4.12 0.127121054142167
4.13 0.1230842199766897
4.140000000000001 0.1192114596941707
4.15 0.1154934796062079
4.16 0.1118901158368812
4.17 0.1083413466436243
4.18 0.1047816017516876
4.19 0.1011561145559083
4.2 0.09743605275594103
4.21 0.0936220980509006
4.220000000000001 0.08973470611150081
4.23 0.08580317569191109
4.24 0.08186328321229119
4.25 0.07796011132137792
4.26 0.0741533771199272
4.27 0.07053026476813162
4.28 0.06721866283335576
4.29 0.06438407982492933
4.300000000000001 0.06220809881598566
4.31 0.0608588334343354
4.32 0.06046416743833305
4.33 0.06109547892733147
4.34 0.0627631753147524
4.35 0.06541910611662072
4.36 0.06896106207545039
4.37 0.07324009573858614
4.38 0.07807233540099201
4.390000000000001 0.08325384639657862
4.4 0.08857933076532643
4.41 0.09386604891932482
4.42 0.09897597522315049
4.43 0.1038254135585888
4.44 0.1083804051220465
4.45 0.1126428918016904
4.46 0.1166315041507371
4.470000000000001 0.120361601078252
4.48 0.1238298348582614
4.49 0.1270079688560068
4.5 0.1298473238997362
4.51 0.1322888199151926
4.52 0.1342751370942645
4.53 0.1357661859657489
4.54 0.1367568782717825
4.55 0.1372926366276594
4.56 0.1374763597440865
4.57 0.1374624222991141
4.58 0.1374383137449335
4.59 0.1375964318286815
4.600000000000001 0.138102578191635
4.61 0.1390717428136261
4.62 0.1405544475134217
4.63 0.1425336557361785
4.640000000000001 0.1449337290240171
4.65 0.1476339239928048
4.66 0.1504791876763116
4.67 0.1532935345566155
4.68 0.1559007049478591
4.69 0.1581471653767892
4.7 0.1599225041499883
4.71 0.161175696720008
4.720000000000001 0.1619234681536712
4.73 0.1622492576998464
4.74 0.1622941361013748
4.75 0.1622365611440362
4.76 0.1622597435385869
4.77 0.1625142595023998
4.78 0.163088289547531
4.79 0.1639947008063372
4.8 0.1651724816007123
4.81 0.1664964500754316
4.82 0.16779815319825
4.83 0.1688984028141913
4.84 0.1696415064841883
4.850000000000001 0.1699207499251898
4.86 0.1696871870990133
4.87 0.1689374573112215
4.88 0.1676896249510023
4.890000000000001 0.165964296472886
4.9 0.1637775061776887
4.91 0.1611427552973135
4.92 0.1580804351241705
4.93 0.1546260979833631
4.94 0.1508252285256697
4.95 0.1467186682151711
4.96 0.1423340533601953
4.970000000000001 0.1376886667467527
4.98 0.1328009372165413
4.99 0.1277066472156401
5 0.1224723969386341
5.01 0.1171967205123599
5.02 0.1119933754407487
5.03 0.1069629517459818
5.04 0.1021679672982536
5.05 0.09762247994748918
5.06 0.09330028005101187
5.07 0.08916024860068195
5.08 0.08517696869907088
5.09 0.08135946582492437
5.100000000000001 0.07774950736531938
5.11 0.07440540301220278
5.12 0.07138382464264836
5.13 0.06872562184520348
5.140000000000001 0.06644731338548748
5.15 0.06454202009073384
5.16 0.0629910739044659
5.17 0.06178322843388884
5.180000000000001 0.06093584385905793
5.19 0.06050843862507982
5.2 0.06059702846440018
5.21 0.06130804288871339
5.220000000000001 0.06272614415516475
5.23 0.064891124744622
5.24 0.06778822379336091
5.25 0.07134852811786008
5.26 0.07545481385139396
5.27 0.07994947506465788
5.28 0.08464487396484621
5.29 0.08933953080370038
5.3 0.09383992494035454
5.31 0.09798450271485581
5.32 0.1016655937490727
5.33 0.1048390688405467
5.34 0.1075156409250217
5.350000000000001 0.1097439131031051
5.36 0.1115975443782116
5.37 0.1131675710514823
5.38 0.1145535633930894
5.390000000000001 0.1158504378589083
5.4 0.1171357793508543
5.41 0.1184618678662588
5.42 0.1198526894852749
5.430000000000001 0.1213071689970882
5.44 0.1228076555681508
5.45 0.1243281088607731
5.46 0.1258381995738471
5.470000000000001 0.1273051838568433
5.48 0.1286947585087024
5.49 0.1299706616776364
