0 0.7013901617853344
0.01 0.7068943447671883
0.02 0.7122815900061701
0.03 0.7173775585598441
0.04 0.7219852564953739
0.05 0.7259069016968871
0.06 0.7289704622685109
0.07000000000000001 0.7310497749867708
0.08 0.7320779214133655
0.09 0.7320429567690905
0.1 0.7309699445659015
0.11 0.7289068099235041
0.12 0.7259204664476648
0.13 0.7221065182641899
0.14 0.7176093987214913
0.15 0.7126306824714623
0.16 0.707417978881915
0.17 0.7022568167996583
0.18 0.6974664720671151
0.19 0.6933731875628801
0.2 0.6902673289667116
0.21 0.688380122262064
0.22 0.6878866105065597
0.23 0.6889132063041599
0.24 0.6915356914004529
0.25 0.6957728116528501
0.26 0.7015790420147989
0.27 0.708830055049114
0.28 0.7172994785904945
0.29 0.7266289549407121
0.3 0.7363152231874568
0.31 0.7457563004718604
0.32 0.7543577100997338
0.33 0.7616545609821825
0.34 0.7673981834398642
0.35 0.771567999450717
0.36 0.7743330593935074
0.37 0.7760271270463988
0.38 0.7771353702919517
0.39 0.7782688568900342
0.4 0.7801314845391327
0.41 0.7834663927148742
0.42 0.7889881393845704
0.43 0.7973304740185498
0.44 0.8090093221512942
0.45 0.8243914535950934
0.46 0.8436797536067733
0.47 0.8669191209493818
0.48 0.8939966877150809
0.49 0.9246367037833996
0.5 0.9584117878520542
0.51 0.9947521906727355
0.52 1.032955928328759
0.53 1.072239487473951
0.54 1.111824860585488
0.55 1.151023311221852
0.5600000000000001 1.189296200321182
0.5700000000000001 1.226295568688325
0.58 1.261892644363214
0.59 1.296197666877134
0.6 1.329559689702093
0.61 1.362511169701292
0.62 1.395639142330458
0.63 1.429439542583962
0.64 1.464228174324842
0.65 1.500128383693347
0.66 1.537067140674969
0.67 1.574692425658749
0.68 1.612276654902295
0.6900000000000001 1.648738306647616
0.7000000000000001 1.682789636055034
0.71 1.713101280254089
0.72 1.73843101696601
0.73 1.757754313059808
0.74 1.770344944016405
0.75 1.775734694906728
0.76 1.773646575115921
0.77 1.764009180923179
0.78 1.746982035165418
0.79 1.722943824987848
0.8 1.692474430230969
0.8100000000000001 1.656299335709961
0.8200000000000001 1.615238040702038
0.8300000000000001 1.570229102115145
0.84 1.52235372635076
0.85 1.472735208277274
0.86 1.42236307598696
0.87 1.372019146383658
0.88 1.3223281061578
0.89 1.27380840659132
0.9 1.226887621173891
0.91 1.181907811398294
0.92 1.139107847999027
0.93 1.098599801867167
0.9400000000000001 1.060397528817484
0.9500000000000001 1.024512724147719
0.96 0.9910645416671353
0.97 0.9603317360425589
0.98 0.9327310282688885
0.99 0.9087544232864113
1 0.8888871027384906
1.01 0.8734852226551313
1.02 0.8625714598607686
1.03 0.8555837679998377
1.04 0.8512594393495934
1.05 0.8478344628274099
1.06 0.8435087672086095
1.07 0.8369296273351119
1.08 0.8274717068719415
1.09 0.8152657659397189
1.1 0.8010944203620998
1.11 0.7862587315337102
1.12 0.7723960427943517
1.13 0.7612292482331218
1.14 0.7542705831530334
1.15 0.7525096692896245
1.16 0.7561782586307091
1.17 0.7647010756629076
1.18 0.7768480871768335
1.19 0.7910255254841978
1.2 0.8056177748454814
1.21 0.8192820951168458
1.22 0.8311183406600824
1.23 0.8406848047031223
1.24 0.847881658138093
1.25 0.8528063968082606
1.26 0.8557003036034483
1.27 0.8569570296893101
1.28 0.8570954984186607
1.29 0.8567057670653875
1.3 0.8564196002104754
1.31 0.8569000977752164
1.32 0.8588222050540026
1.33 0.8628496695215531
1.34 0.8696360855366247
1.35 0.8798343902645955
1.36 0.8940566328773625
1.37 0.9127670526138787
1.38 0.9361666247433886
1.39 0.9641443022784846
1.4 0.996310107896627
1.41 1.032055414687847
1.42 1.070608550392603
1.43 1.111114394957864
1.44 1.152740964040301
1.45 1.19477945061663
1.46 1.236722682222116
1.47 1.278311365336523
1.48 1.319552222215061
1.49 1.360713760915021
1.5 1.402227734846909
1.51 1.444492253241276
1.52 1.487733371270366
1.53 1.531988627973081
1.54 1.577121159873583
1.55 1.622769504483886
1.56 1.668204790106246
1.57 1.712223205668787
1.58 1.753242579329989
1.59 1.789508743449087
1.6 1.819246249583731
1.61 1.840849388129369
1.62 1.853121610319331
1.63 1.855363299186659
1.64 1.847313203450189
1.65 1.829063394516263
1.66 1.801002319433082
1.67 1.763870918872442
1.68 1.718844582881708
1.69 1.667450777132088
1.7 1.611335714619957
1.71 1.551964505113379
1.72 1.490435912613535
1.73 1.427611753816059
1.74 1.364363703403769
1.75 1.301613592128237
1.76 1.240223252251011
1.77 1.180898996743629
1.78 1.124143763457129
1.79 1.070324806986356
1.8 1.019812335346391
1.81 0.973022425769805
1.82 0.9303629935371571
1.83 0.892190785994039
1.84 0.8588168611261549
1.85 0.8305233909823166
1.86 0.8075581470787911
1.87 0.7901048003400137
1.88 0.7782079333362923
1.89 0.7716118050156506
1.9 0.7695308535674146
1.91 0.7704998859414229
1.92 0.7725012494732901
1.93 0.7734006433232339
1.94 0.7714839659155364
1.95 0.7658390495277234
1.96 0.7564947556004782
1.97 0.7443855314995731
1.98 0.7312031590762098
1.99 0.7191149502467886
2 0.7103400593963047
2.01 0.706688275011035
2.02 0.7091778649807732
2.03 0.7177906887429235
2.04 0.7314519691913768
2.05 0.7483024183647418
2.06 0.7661806272883878
2.07 0.7831199706712306
2.08 0.7976774023979938
2.09 0.8090037097240876
2.1 0.8167392488824787
2.11 0.8209211161104863
2.12 0.8219402329746179
2.13 0.820453253640411
2.14 0.817242175760835
2.15 0.8131016965918487
2.16 0.8087934660662892
2.17 0.8050460738265981
2.18 0.802566454489146
2.19 0.8020478612858719
2.2 0.8041640596014923
2.21 0.8095272647051606
2.22 0.8186127931655132
2.23 0.8316908601422202
2.24 0.8487970043245534
2.25 0.8697528233615213
2.26 0.8942227262198728
2.27 0.92177561999062
2.28 0.9519412818045168
2.29 0.9842389841889747
2.3 1.018163492471441
2.31 1.053183087474479
2.32 1.088785352993263
2.33 1.124532683365424
2.34 1.160099832629952
2.35 1.195297548964879
2.36 1.230097128898842
2.37 1.264666118673358
2.38 1.299371422793045
2.39 1.334693744811772
2.4 1.371071834219924
2.41 1.408748134959206
2.42 1.447659366077972
2.43 1.487380355132571
2.44 1.52715630495372
2.45 1.565966864820727
2.46 1.602481429952415
2.47 1.635014674488692
2.48 1.661722832778472
2.49 1.680980818679481
2.5 1.691671260764421
2.51 1.693255859095452
2.52 1.68568351728502
2.53 1.669257340181165
2.54 1.644559504810667
2.55 1.612422779275294
2.56 1.573904393857185
2.57 1.530278258614267
2.58 1.482948990156807
2.59 1.433182664617846
2.6 1.381902657334318
2.61 1.329783445690917
2.62 1.277436733002598
2.63 1.225479809754459
2.64 1.174532865920075
2.65 1.125190444071738
2.66 1.077966964862312
2.67 1.033268262998257
2.68 0.9914275388441691
2.69 0.9527575408209015
2.7 0.9175632283587842
2.71 0.8861335373766166
2.72 0.8587362688652598
2.73 0.8356078266950644
2.74 0.8169399560415385
2.75 0.8028374802058251
2.76 0.7932111598458742
2.77 0.7876596010975399
2.78 0.7854200544898244
2.79 0.7853899916609417
2.8 0.7861960448735528
2.81 0.7863156643761613
2.82 0.7842521545312766
2.83 0.7787643795570998
2.84 0.7691531164319656
2.85 0.7555234112303748
2.86 0.7388864058450242
2.87 0.7210299358517993
2.88 0.7041987611339651
2.89 0.6906910765106842
2.9 0.6824503371711712
2.91 0.6807008803982324
2.92 0.6856886997032081
2.93 0.6965905851211476
2.94 0.7116660428187407
2.95 0.7286844154378334
2.96 0.745494011237521
2.97 0.7604819347302691
2.98 0.7727564094663135
2.99 0.7820721567115516
3 0.788647357090376
3.01 0.7930081127529247
3.02 0.7958792228705511
3.03 0.7980797184341575
3.04 0.8004208077863586
3.05 0.8036341766572366
3.06 0.8083553599308013
3.07 0.8151502400700812
3.08 0.824539268915109
3.09 0.8369961734277562
3.1 0.8529245610161986
3.11 0.8726231935226929
3.12 0.8962614218066913
3.13 0.9238744190088082
3.14 0.9553592864729539
3.15 0.9904631344756942
3.16 1.028782032746813
3.17 1.069781198212058
3.18 1.112840254012283
3.19 1.157323186749326
3.2 1.2026350721539
3.21 1.248243235009435
3.22 1.29370693212453
3.23 1.338735701598171
3.24 1.383219054523865
3.25 1.427196267500948
3.26 1.470820557055015
3.27 1.514355534290203
3.28 1.55815195747875
3.29 1.60253364147734
3.3 1.647626786303057
3.31 1.69327890356359
3.32 1.739104711136646
3.33 1.784512036442281
3.34 1.828645620376101
3.35 1.870339457566466
3.36 1.908178339618387
3.37 1.940705078928254
3.38 1.966631629693202
3.39 1.984918723164608
3.4 1.99479648204647
3.41 1.995766898035256
3.42 1.987578439023569
3.43 1.97023672367234
3.44 1.944040297733606
3.45 1.909570313190809
3.46 1.867616108984591
3.47 1.81905446717705
3.48 1.764789172450467
3.49 1.705807395857907
3.5 1.643226991774161
3.51 1.57825882036963
3.52 1.512098218842092
3.53 1.445804594160772
3.54 1.380275541995613
3.55 1.31627799889714
3.56 1.254424494038992
3.57 1.195128477580913
3.58 1.138639424617936
3.59 1.085155114023254
3.6 1.03490286841898
3.61 0.988127500730513
3.62 0.9450562041262915
3.63 0.9059225903298791
3.64 0.8710261939073236
3.65 0.8407604063312184
3.66 0.8155926006359535
3.67 0.7960012880297942
3.68 0.7823412452173719
3.69 0.7746154659712015
3.7 0.7722233262131062
3.71 0.7738617636906775
3.72 0.7776917437390116
3.73 0.7816724653998706
3.74 0.7839236250982977
3.75 0.7830744210995793
3.76 0.7785491203415891
3.77 0.7706879603773076
3.78 0.7606643527586709
3.79 0.7502367238971503
3.8 0.741393858420782
3.81 0.7359760504006245
3.82 0.7353354662885274
3.83 0.7400552634996762
3.84 0.7497781151876035
3.85 0.7632454225200207
3.86 0.7786140636575736
3.87 0.7939681114575232
3.88 0.8077685290120891
3.89 0.8190504951117989
3.9 0.8274184630564401
3.91 0.8329529611900242
3.92 0.8360888085395586
3.93 0.8374898269310118
3.94 0.8379322295709684
3.95 0.8382267066181757
3.96 0.8391946547780278
3.97 0.8416769033240952
3.98 0.8465416878282999
3.99 0.8546639819188671
4 0.8668568291897083
4.01 0.8837498520990548
4.02 0.9056377479030973
4.03 0.9323567811495601
4.04 0.9632755790576244
4.050000000000001 0.9974435270743323
4.06 1.033822460665338
4.07 1.07147463192967
4.08 1.109656827931121
4.09 1.147850244021767
4.1 1.185745319461197
4.11 1.223204603980509
4.12 1.26024213908849
4.13 1.29699912657132
4.140000000000001 1.333700497040475
4.15 1.370624342769335
4.16 1.408073232113739
4.17 1.446344774365939
4.18 1.485695730625281
4.19 1.526249348856455
4.2 1.56790773230722
4.21 1.610318953473637
4.220000000000001 1.652822506601896
4.23 1.694423935420051
4.24 1.733863022736008
4.25 1.769694347893263
4.26 1.800390121793629
4.27 1.824512786589465
4.28 1.840886190478079
4.29 1.848708012192187
4.300000000000001 1.847622262409911
4.31 1.837720771692427
4.32 1.819398965520609
4.33 1.793176999590895
4.34 1.759679526111884
4.35 1.719705653039039
4.36 1.674226956527103
4.37 1.624334149053873
4.38 1.571151472660619
4.390000000000001 1.515710174270094
4.4 1.458903619175977
4.41 1.401543909770017
4.42 1.344362364528221
4.43 1.287930862659439
4.44 1.232640194323228
4.45 1.17879049222233
4.46 1.12669856276999
4.470000000000001 1.076732264463289
4.48 1.029292216638227
4.49 0.984790311877433
4.5 0.9436356581049852
4.51 0.9062285838594657
4.52 0.8729641080186759
4.53 0.8442311389831865
4.54 0.8204002263331853
4.55 0.8017873974631371
4.56 0.7885490221904421
4.57 0.7804907826462957
4.58 0.7768576447060451
4.59 0.776242821457878
4.600000000000001 0.7767348591769196
4.61 0.7762765363670878
4.62 0.7730827410291852
4.63 0.7659888183965085
4.640000000000001 0.7546901056992255
4.65 0.7398339064896753
4.66 0.7228945515188601
4.67 0.7058747163288084
4.68 0.6909714490340155
4.69 0.680229718184469
4.7 0.6751657964585132
4.71 0.6764704296716699
4.720000000000001 0.6838962162558082
4.73 0.6963396244853688
4.74 0.7121019782859546
4.75 0.729259242025933
4.76 0.7460227586260735
4.77 0.7610148442712914
4.78 0.7734025784127483
4.79 0.7828609840731273
4.8 0.7894541718002426
4.81 0.7935458341166801
4.82 0.7957397691254764
4.83 0.7968087257092882
4.84 0.7976149900737246
4.850000000000001 0.7990418413552889
4.86 0.8019426954670497
4.87 0.8071096338391186
4.88 0.8152414022992711
4.890000000000001 0.8268807110325467
4.9 0.8423379571842804
4.91 0.8616529673519735
4.92 0.884620679850241
4.93 0.9108754997758064
4.94 0.9399954575793372
4.95 0.9715624405375229
4.96 1.005159574989554
4.970000000000001 1.040362987957273
4.98 1.076773364307717
4.99 1.114051477351278
5 1.151916889306826
5.01 1.190133402775825
5.02 1.228518818806195
5.03 1.266981437822502
5.04 1.305554588658986
5.05 1.344383606309229
5.06 1.383665356908837
5.07 1.423612036206829
5.08 1.464432167358476
5.09 1.506267995910741
5.100000000000001 1.549164070269978
5.11 1.593035591893774
5.12 1.637480315653939
5.13 1.681599460820998
5.140000000000001 1.724080048476764
5.15 1.76346454238802
5.16 1.798395564337846
5.17 1.827729630001967
5.180000000000001 1.850553326498202
5.19 1.866142656145305
5.2 1.873908425390207
5.21 1.873420783409122
5.220000000000001 1.864473002897977
5.23 1.847090247505306
5.24 1.821567454359481
5.25 1.788575458701545
5.26 1.749150834629422
5.27 1.704492870992211
5.28 1.655777096676601
5.29 1.604116046987587
5.3 1.550525614632203
5.31 1.495851853505356
5.32 1.440795656197492
5.33 1.385993137869747
5.34 1.332030488058494
5.350000000000001 1.279419047593826
5.36 1.228570898357241
5.37 1.179794664907901
5.38 1.133306961094281
5.390000000000001 1.089218418299816
5.4 1.047507764946458
5.41 1.008029763270394
5.42 0.9705654240448025
5.430000000000001 0.9348935509857386
5.44 0.9008434325985561
5.45 0.8683058876638166
5.46 0.8372394503333367
5.470000000000001 0.807700004343733
5.48 0.7798589635587909
5.49 0.7539840991640698
