0 1.408449516480065
0.01 1.416505836226706
0.02 1.424850256346288
0.03 1.433364664369431
0.04 1.4419079902207
0.05 1.450321961625819
0.06 1.458444717415565
0.07000000000000001 1.466127903335053
0.08 1.473251624175882
0.09 1.479730781440713
0.1 1.485515071953517
0.11 1.49058539018343
0.12 1.494946106488434
0.13 1.498618704927081
0.14 1.501646239277705
0.15 1.504100056615921
0.16 1.50606965172281
0.17 1.507642917355083
0.18 1.508895381344785
0.19 1.509883995591319
0.2 1.510642926156462
0.21 1.511197269711315
0.22 1.511586678855323
0.23 1.511869821789252
0.24 1.512116336927355
0.25 1.512409422956564
0.26 1.512844989482503
0.27 1.513510877558566
0.28 1.514460456580005
0.29 1.515688912364719
0.3 1.517113683280526
0.31 1.518576347074644
0.32 1.519874851093718
0.33 1.520812410655466
0.34 1.521240414390209
0.35 1.521075131541934
0.36 1.520294287574402
0.37 1.518935444356778
0.38 1.517094752613663
0.39 1.514920087870547
0.4 1.512599678655919
0.41 1.51033787117698
0.42 1.508323815568052
0.43 1.506711554491579
0.44 1.505615669777841
0.45 1.505112098454035
0.46 1.505235353587333
0.47 1.505978103651213
0.48 1.507292692235426
0.49 1.509089448657877
0.5 1.511241249328511
0.51 1.513595386612363
0.52 1.515987248868989
0.53 1.518258017447886
0.54 1.520266760296119
0.55 1.52188183255523
0.5600000000000001 1.522962034668142
0.5700000000000001 1.52335159998798
0.58 1.522893966958956
0.59 1.521457930485921
0.6 1.518971259212994
0.61 1.515444441522605
0.62 1.510969773770837
0.63 1.505710809306765
0.64 1.499894563266472
0.65 1.493802344990035
0.66 1.487755332452934
0.67 1.482085904348038
0.68 1.477106502678978
0.6900000000000001 1.47308354508874
0.7000000000000001 1.470193148492067
0.71 1.468475162563797
0.72 1.467829280866034
0.73 1.46805857218009
0.74 1.468931391090778
0.75 1.470219846171682
0.76 1.471703509957925
0.77 1.473168330581539
0.78 1.474414870581849
0.79 1.475269920563219
0.8 1.475609562525536
0.8100000000000001 1.475385681947439
0.8200000000000001 1.474630188239817
0.8300000000000001 1.473444813030386
0.84 1.471986471107585
0.85 1.470437241199521
0.86 1.468980159349822
0.87 1.467800738482999
0.88 1.467085690813026
0.89 1.467006278872433
0.9 1.467709769315807
0.91 1.469315996784528
0.92 1.47189636751731
0.93 1.475449025804214
0.9400000000000001 1.47989999265535
0.9500000000000001 1.485127955188913
0.96 1.490986707312176
0.97 1.497303348551403
0.98 1.503862619063307
0.99 1.510409314656854
1 1.516667004347928
1.01 1.522349058607274
1.02 1.527166691973699
1.03 1.530855641972224
1.04 1.533220812657998
1.05 1.534173585689874
1.06 1.533749719620261
1.07 1.532116959268058
1.08 1.52956143821847
1.09 1.526439282067708
1.1 1.523120109426961
1.11 1.519945328929272
1.12 1.517193396032788
1.13 1.515051474123553
1.14 1.513601282376777
1.15 1.512822317792394
1.16 1.512616624936181
1.17 1.512852393397718
1.18 1.513409992268772
1.19 1.514203733353135
1.2 1.515166110873008
1.21 1.516222067767693
1.22 1.51728462116267
1.23 1.518263517302165
1.24 1.519067853171539
1.25 1.519606954631127
1.26 1.519804640103192
1.27 1.519621260562589
1.28 1.519063405650482
1.29 1.518181432064647
1.3 1.517068859933957
1.31 1.515861498362693
1.32 1.514720781870323
1.33 1.513804837450292
1.34 1.513249904508174
1.35 1.513168098178586
1.36 1.513648785912915
1.37 1.51475274718134
1.38 1.516500933467924
1.39 1.518873377057643
1.4 1.521817873179609
1.41 1.525242071480528
1.42 1.528990290512732
1.43 1.532838290730488
1.44 1.536507616014548
1.45 1.539679744860632
1.46 1.542022069292573
1.47 1.54324002969281
1.48 1.543133398344236
1.49 1.541628061108162
1.5 1.538772716729785
1.51 1.534712423094508
1.52 1.52965971338234
1.53 1.523870136358795
1.54 1.517631477311866
1.55 1.511269005891176
1.56 1.505135217086303
1.57 1.499567407061342
1.58 1.494839400828066
1.59 1.491124868465552
1.6 1.488477712532731
1.61 1.486844714014048
1.62 1.486092327025636
1.63 1.486011839370563
1.64 1.48632197355768
1.65 1.486702062115132
1.66 1.486840556935019
1.67 1.486473235075347
1.68 1.485408302951935
1.69 1.483546597386131
1.7 1.480900398303527
1.71 1.477597847810223
1.72 1.473859952385721
1.73 1.469959692801074
1.74 1.466181515249102
1.75 1.462795132757755
1.76 1.460047597046239
1.77 1.458161911139856
1.78 1.457336709570761
1.79 1.457745267493227
1.8 1.459516686397025
1.81 1.462699932148767
1.82 1.467240770864043
1.83 1.472984882831573
1.84 1.479691078507178
1.85 1.487046780305004
1.86 1.494696074604119
1.87 1.502272280077022
1.88 1.509414520022806
1.89 1.515776881049056
1.9 1.521046059721651
1.91 1.524962818162921
1.92 1.527350204451664
1.93 1.528160046977221
1.94 1.527516202973006
1.95 1.525705930177023
1.96 1.523111185603895
1.97 1.520131348057322
1.98 1.517132865572231
1.99 1.514404591640479
2 1.512110572065845
2.01 1.510283405797183
2.02 1.508880453490827
2.03 1.507857833295896
2.04 1.507200888926955
2.05 1.50689882662485
2.06 1.506898397217667
2.07 1.507073488160074
2.08 1.507229581605788
2.09 1.507138911565702
2.1 1.506586986502118
2.11 1.505416397980667
2.12 1.503552251977916
2.13 1.500997409054473
2.14 1.497807313324929
2.15 1.49406774892373
2.16 1.489893682839279
2.17 1.485438347065204
2.18 1.480889774533116
2.19 1.47645143136003
2.2 1.472311500481104
2.21 1.468609829722023
2.22 1.465418639784229
2.23 1.46274361103906
2.24 1.460539432976463
2.25 1.458732800376426
2.26 1.457244489446577
2.27 1.456002104753986
2.28 1.454942261211492
2.29 1.453995611298688
2.3 1.453050012556415
2.31 1.451920726300207
2.32 1.450359164094314
2.33 1.448092654296583
2.34 1.444874175810412
2.35 1.440524135060033
2.36 1.434952314252557
2.37 1.428168346725811
2.38 1.420286851373964
2.39 1.411519791586602
2.4 1.402162460228354
2.41 1.392580335760634
2.42 1.383179591994125
2.43 1.374360181948368
2.44 1.366482130495317
2.45 1.359841220462273
2.46 1.35463254568016
2.47 1.350927049572448
2.48 1.348675655455788
2.49 1.347713913091757
2.5 1.347764516877756
2.51 1.348465163627881
2.52 1.349429513629584
2.53 1.350310558083102
2.54 1.350833205963374
2.55 1.350806117976902
2.56 1.350138089457331
2.57 1.348855592955239
2.58 1.347097385595571
2.59 1.345074978924437
2.6 1.343026349381136
2.61 1.341185075364733
2.62 1.339758631846772
2.63 1.338928010509209
2.64 1.33886300501268
2.65 1.339706212543764
2.66 1.341529440584102
2.67 1.344315773119003
2.68 1.347973090447915
2.69 1.352346200818883
2.7 1.3572218519303
2.71 1.362339793360847
2.72 1.367416357840964
2.73 1.372177705886364
2.74 1.376385570217325
2.75 1.379839684238888
2.76 1.382365502103379
2.77 1.383812370378782
2.78 1.384063998483176
2.79 1.383039298641072
2.8 1.380694854068683
2.81 1.37705298556149
2.82 1.372225842107545
2.83 1.366406920549245
2.84 1.359856542607397
2.85 1.352893137654629
2.86 1.345871364347038
2.87 1.339146974943814
2.88 1.333039231999519
2.89 1.327803877407366
2.9 1.323623792487634
2.91 1.320607497871336
2.92 1.31878573071254
2.93 1.318095937589741
2.94 1.318359146910967
2.95 1.319288760567958
2.96 1.320560053859896
2.97 1.321904796585347
2.98 1.323161171989161
2.99 1.324258437331714
3 1.32517789850636
3.01 1.325932632685873
3.02 1.326564428436799
3.03 1.32713102436192
3.04 1.327684437518571
3.05 1.328261791261117
3.06 1.328893768804686
3.07 1.329615392771258
3.08 1.330460656014855
3.09 1.331447686122842
3.1 1.332572716256407
3.11 1.333813764154713
3.12 1.335140548428809
3.13 1.336525946680516
3.14 1.337947281386293
3.15 1.339378888222156
3.16 1.340786828748626
3.17 1.342124550029869
3.18 1.343330195130782
3.19 1.344332909742868
3.2 1.34505593288919
3.21 1.345403461550065
3.22 1.345253118406057
3.23 1.344472020248544
3.24 1.342938098861201
3.25 1.340547562323592
3.26 1.337211195838623
3.27 1.332863465461304
3.28 1.327501174213008
3.29 1.321223694976545
3.3 1.314246096973237
3.31 1.306887180718753
3.32 1.299529553999371
3.33 1.292562341692739
3.34 1.286340266370195
3.35 1.281159076748551
3.36 1.277234233427794
3.37 1.274705659420053
3.38 1.273659128728425
3.39 1.274114922125291
3.4 1.275994860812612
3.41 1.279110838170691
3.42 1.283173519681783
3.43 1.287811162792084
3.44 1.292608495458381
3.45 1.297169149204527
3.46 1.301183543264176
3.47 1.304471593489106
3.48 1.306988842970526
3.49 1.308809222502693
3.5 1.310087130389901
3.51 1.311004011129178
3.52 1.311737622470191
3.53 1.312472180238441
3.54 1.313409101291088
3.55 1.314747776631086
3.56 1.31665457271809
3.57 1.319246819110081
3.58 1.322602709840424
3.59 1.326784119228986
3.6 1.331841893961054
3.61 1.337794946403536
3.62 1.344609213705622
3.63 1.352193347382074
3.64 1.360395975909916
3.65 1.368999498407773
3.66 1.377725595188668
3.67 1.386250913687261
3.68 1.394227155697809
3.69 1.401308733488195
3.7 1.40718116798107
3.71 1.411594438039938
3.72 1.414409209747677
3.73 1.415626408819173
3.74 1.415381142979292
3.75 1.413925270685501
3.76 1.411602029276696
3.77 1.408796775589171
3.78 1.4058814486623
3.79 1.40317375408744
3.8 1.400910326213808
3.81 1.399243753307031
3.82 1.398266031886966
3.83 1.398028168530437
3.84 1.398531231421936
3.85 1.399689736397827
3.86 1.401296310598612
3.87 1.403041961343261
3.88 1.404601926706277
3.89 1.405723181768761
3.9 1.406264281402466
3.91 1.406197059294799
3.92 1.405589442713243
3.93 1.404574384506383
3.94 1.403313168355695
3.95 1.401970483523306
3.96 1.40070294215146
3.97 1.39964745519631
3.98 1.398908923174701
3.99 1.398549569917334
4 1.398584435037699
4.01 1.398991500933213
4.02 1.399724660771961
4.03 1.40071628464899
4.04 1.40187560110472
4.050000000000001 1.403094647449082
4.06 1.404266169374639
4.07 1.405294002446718
4.08 1.406071656383507
4.09 1.406446545206741
4.1 1.406208062981277
4.11 1.405107937523977
4.12 1.402901941190757
4.13 1.399400818841826
4.140000000000001 1.394518362010311
4.15 1.38830331171556
4.16 1.380930848975775
4.17 1.372664770972602
4.18 1.363831103131441
4.19 1.354801607600971
4.2 1.345979824712668
4.21 1.337789061393408
4.220000000000001 1.330635376860298
4.23 1.32484296098776
4.24 1.320594240989911
4.25 1.317907623136835
4.26 1.316674281686205
4.27 1.31672606271195
4.28 1.31787863336255
4.29 1.319940252497276
4.300000000000001 1.322706531675506
4.31 1.325949731808144
4.32 1.329412326046673
4.33 1.332823084527575
4.34 1.335939077055998
4.35 1.338592871039934
4.36 1.340722786002483
4.37 1.34237045045236
4.38 1.343642678347162
4.390000000000001 1.344670268008047
4.4 1.345595921217011
4.41 1.346574183491756
4.42 1.347757535306949
4.43 1.349277798343836
4.44 1.351242860821662
4.45 1.353752967103182
4.46 1.356916991886927
4.470000000000001 1.360843660779964
4.48 1.365613346921927
4.49 1.371251296866335
4.5 1.377711454428924
4.51 1.384877348311376
4.52 1.392575217859882
4.53 1.400583453363005
4.54 1.408639868897482
4.55 1.416455680545265
4.56 1.423730809395775
4.57 1.430168750381465
4.58 1.435497724483907
4.59 1.439497115536951
4.600000000000001 1.442024937609395
4.61 1.443044481909294
4.62 1.442641734377246
4.63 1.441021564030941
4.640000000000001 1.438488557451244
4.65 1.435418104721573
4.66 1.432200873446909
4.67 1.429176853630706
4.68 1.426600487529869
4.69 1.424629991244214
4.7 1.423330567748589
4.71 1.422711232042214
4.720000000000001 1.422771470071085
4.73 1.423499821273476
4.74 1.42482209454549
4.75 1.426559565736113
4.76 1.428450332399342
4.77 1.430224642309824
4.78 1.431670454609152
4.79 1.432643867585375
4.8 1.43304979557042
4.81 1.432838285726007
4.82 1.43201626468628
4.83 1.430653782416239
4.84 1.428877011858393
4.850000000000001 1.426843643189328
4.86 1.424708003497599
4.87 1.422599570308935
4.88 1.420621772637726
4.890000000000001 1.41885325139885
4.9 1.41734503300215
4.91 1.416122000853729
4.92 1.415186680349912
4.93 1.414521108797897
4.94 1.414092511734242
4.95 1.41386316750858
4.96 1.413796231590608
4.970000000000001 1.413854898990864
4.98 1.413993316676913
4.99 1.414135705516157
5 1.414150368701256
5.01 1.413837017683836
5.02 1.412947359954258
5.03 1.411240333821399
5.04 1.40854363474651
5.05 1.404786018436583
5.06 1.399997624244752
5.07 1.394300140130823
5.08 1.387894041296882
5.09 1.381043556806147
5.100000000000001 1.374061182694047
5.11 1.367291244113206
5.12 1.361088865496227
5.13 1.35577954532149
5.140000000000001 1.351602518044097
5.15 1.348672474903229
5.16 1.346985776533709
5.17 1.346454275717663
5.180000000000001 1.346930428918666
5.19 1.348219321121017
5.2 1.350096914775979
5.21 1.352335651959117
5.220000000000001 1.354720067371203
5.23 1.357053370064067
5.24 1.359173589925313
5.25 1.360976661410818
5.26 1.362427396964098
5.27 1.363546528488244
5.28 1.364374698121146
5.29 1.364937691722508
5.3 1.365241047886423
5.31 1.365286788424775
5.32 1.365087482394421
5.33 1.364669748062936
5.34 1.364069748875491
5.350000000000001 1.363325728364832
5.36 1.362475134054979
5.37 1.361559494226729
5.38 1.360630781452384
5.390000000000001 1.359749143918662
5.4 1.358973729197988
5.41 1.358355425786462
5.42 1.357929250039692
5.430000000000001 1.357704146920691
5.44 1.357660900941849
5.45 1.357767306760435
5.46 1.358005367778162
5.470000000000001 1.358395199575561
5.48 1.359001995820672
5.49 1.359920140134095
