0 -0.345348642378033
0.01 -0.3366074988944918
0.02 -0.328701614900484
0.03 -0.3217371564686315
0.04 -0.3157316229488276
0.05 -0.310655016742698
0.06 -0.306489918424401
0.07000000000000001 -0.3032630420438411
0.08 -0.3010375498516313
0.09 -0.2998753415379665
0.1 -0.2997938345619962
0.11 -0.3007518325613896
0.12 -0.302669789582179
0.13 -0.3054637338237836
0.14 -0.3090695218831985
0.15 -0.3134430430539239
0.16 -0.318560955553723
0.17 -0.3244524839488041
0.18 -0.3312236303069471
0.19 -0.3390241763275172
0.2 -0.347981181737818
0.21 -0.3581423570571722
0.22 -0.3694568040033954
0.23 -0.3817982256522212
0.24 -0.3949710529759178
0.25 -0.4086762421388395
0.26 -0.422504539595375
0.27 -0.4359690537439098
0.28 -0.4485259003932329
0.29 -0.4595803619915992
0.3 -0.468517412674319
0.31 -0.4747614424610638
0.32 -0.477835009973572
0.33 -0.4774182122650776
0.34 -0.4734310606485987
0.35 -0.4661090615548553
0.36 -0.4559969167501361
0.37 -0.44385636076714
0.38 -0.4305888418334329
0.39 -0.4172357839748178
0.4 -0.4050005851962131
0.41 -0.3952159928897854
0.42 -0.3892596187936266
0.43 -0.388458051561329
0.44 -0.3939911390696116
0.45 -0.40680815581287
0.46 -0.427585964466715
0.47 -0.4567113139614105
0.48 -0.4942401382596513
0.49 -0.5398742763237161
0.5 -0.5930034111561877
0.51 -0.6527581048382882
0.52 -0.7180425747395867
0.53 -0.7875910124535039
0.54 -0.8600645032046423
0.55 -0.9341539908429257
0.5600000000000001 -1.008666816022852
0.5700000000000001 -1.082601358444292
0.58 -1.155198338860769
0.59 -1.225950334046193
0.6 -1.294590655015829
0.61 -1.361086609431946
0.62 -1.425577827351995
0.63 -1.488210823587876
0.64 -1.548969424298738
0.65 -1.607632103083767
0.66 -1.663868293917881
0.67 -1.71736515012502
0.68 -1.767860678397128
0.6900000000000001 -1.815065368072887
0.7000000000000001 -1.858572290593331
0.71 -1.89784876736405
0.72 -1.93229218048873
0.73 -1.961293269873739
0.74 -1.984278887604516
0.75 -2.000736715756608
0.76 -2.010247718104174
0.77 -2.012529815767845
0.78 -2.007462322644995
0.79 -1.995054593909429
0.8 -1.975351098151836
0.8100000000000001 -1.948343463617978
0.8200000000000001 -1.91395116511657
0.8300000000000001 -1.87201643077382
0.84 -1.822278168698421
0.85 -1.764401070361355
0.86 -1.698103082011723
0.87 -1.623333584469281
0.88 -1.540450730527332
0.89 -1.45031133142011
0.9 -1.354193281406536
0.91 -1.253623704873435
0.92 -1.150227247061835
0.93 -1.045638023976794
0.9400000000000001 -0.9415036644235597
0.9500000000000001 -0.8395831580164606
0.96 -0.7418890789902415
0.97 -0.6507923337958545
0.98 -0.569001572420035
0.99 -0.4993467067052171
1 -0.4443480527071353
1.01 -0.405638834852839
1.02 -0.3833834456809102
1.03 -0.3758807912307738
1.04 -0.3795894686481462
1.05 -0.3897627594806563
1.06 -0.4015459914841712
1.07 -0.4110161553856835
1.08 -0.415739645987999
1.09 -0.4148460675124119
1.1 -0.408858069183315
1.11 -0.3994623894106768
1.12 -0.3892187783328751
1.13 -0.3811188235460472
1.14 -0.3779820170159445
1.15 -0.3817831844752755
1.16 -0.3931193073070252
1.17 -0.4110343247087309
1.18 -0.433252243469139
1.19 -0.4567097250116907
1.2 -0.4782362132029245
1.21 -0.4952131356632172
1.22 -0.5060038579963724
1.23 -0.5100128568550995
1.24 -0.5074536708817674
1.25 -0.49904603070387
1.26 -0.4858045170864882
1.27 -0.4689477541133997
1.28 -0.4498563651172209
1.29 -0.4300206128104365
1.3 -0.4109915757024054
1.31 -0.3943491648458011
1.32 -0.3816648249430203
1.33 -0.3744585402435776
1.34 -0.3741896822662985
1.35 -0.3822656967973446
1.36 -0.3999631436133502
1.37 -0.4282213740081486
1.38 -0.4674189149568302
1.39 -0.5172690771852411
1.4 -0.5768711782561855
1.41 -0.6448480082979726
1.42 -0.7195088445651678
1.43 -0.7990398136590264
1.44 -0.881686996503813
1.45 -0.9658788221751426
1.46 -1.050296147785281
1.47 -1.133884747522691
1.48 -1.2158124803898
1.49 -1.295491811797567
1.5 -1.372686849924609
1.51 -1.44746873312349
1.52 -1.519952044169239
1.53 -1.590082022064486
1.54 -1.657626972661771
1.55 -1.722253008576096
1.56 -1.78354941249293
1.57 -1.840998908544998
1.58 -1.893943819753738
1.59 -1.941594555480836
1.6 -1.983084537163737
1.61 -2.017533708347673
1.62 -2.044102040937723
1.63 -2.062051761953319
1.64 -2.070818276348009
1.65 -2.070058895436525
1.66 -2.059663767098972
1.67 -2.039710593678809
1.68 -2.010339102212379
1.69 -1.971574277044763
1.7 -1.923190073464956
1.71 -1.864760327067695
1.72 -1.795938770214074
1.73 -1.716737291344341
1.74 -1.627608569202601
1.75 -1.529436537668732
1.76 -1.42352503641342
1.77 -1.311534124988305
1.78 -1.195417382666536
1.79 -1.077370301621334
1.8 -0.9596833771311224
1.81 -0.8445754728413402
1.82 -0.7341298430339589
1.83 -0.630332603702437
1.84 -0.5351952890612934
1.85 -0.4508624497544838
1.86 -0.3795665677167253
1.87 -0.3234190092406619
1.88 -0.2840464363884703
1.89 -0.2620024584096985
1.9 -0.256072105069777
1.91 -0.2629557114266103
1.92 -0.2777432000452134
1.93 -0.2950136332935887
1.94 -0.3100214331914022
1.95 -0.3195604147276425
1.96 -0.3223781867869047
1.97 -0.3191829618059092
1.98 -0.3123420926482914
1.99 -0.3053186789481881
2 -0.301888731637221
2.01 -0.3052834346885787
2.02 -0.3173771415897861
2.03 -0.3380603799122066
2.04 -0.365100633321954
2.05 -0.3946975355475431
2.06 -0.4225580063557968
2.07 -0.4450151286413426
2.08 -0.4597322960381334
2.09 -0.4658108768777627
2.1 -0.4634566076548547
2.11 -0.4535750436005226
2.12 -0.4375222131703129
2.13 -0.4169393118961877
2.14 -0.3935834564123506
2.15 -0.3691905833328692
2.16 -0.3454148897159555
2.17 -0.323835420769397
2.18 -0.305981182509842
2.19 -0.2933420893409546
2.2 -0.2873561417931736
2.21 -0.2893381158039601
2.22 -0.300347074064466
2.23 -0.3210586129711057
2.24 -0.3516931172191851
2.25 -0.3920228565431714
2.26 -0.441456834626194
2.27 -0.4991668104057378
2.28 -0.5642091138065064
2.29 -0.6355819631634114
2.3 -0.7122134784830143
2.31 -0.7929639531620936
2.32 -0.8766678865830904
2.33 -0.9621652915710195
2.34 -1.048306828723589
2.35 -1.133973502804987
2.36 -1.218177436807946
2.37 -1.30024755010339
2.38 -1.379965883850633
2.39 -1.457499466758485
2.4 -1.533145094111376
2.41 -1.607054187016253
2.42 -1.679080819899214
2.43 -1.748757361573166
2.44 -1.815305430241416
2.45 -1.877675634933763
2.46 -1.934664204498901
2.47 -1.98505741824697
2.48 -2.027746327464002
2.49 -2.061809202040541
2.5 -2.086540867046862
2.51 -2.101423992721718
2.52 -2.106102026330608
2.53 -2.100391637145124
2.54 -2.084289526034613
2.55 -2.057935979405413
2.56 -2.021556130858003
2.57 -1.975354450484836
2.58 -1.919373596841054
2.59 -1.853506860696075
2.6 -1.777722868768508
2.61 -1.69227866802902
2.62 -1.597847633390787
2.63 -1.495659888783995
2.64 -1.3875203565673
2.65 -1.275562995022011
2.66 -1.161935173070247
2.67 -1.048628728587814
2.68 -0.9374764923055872
2.69 -0.8302358776180592
2.7 -0.7286616234011927
2.71 -0.6345469736381006
2.72 -0.5497238802326532
2.73 -0.475984409446284
2.74 -0.4149736031385802
2.75 -0.3680777981119454
2.76 -0.3362186575473882
2.77 -0.319551564381126
2.78 -0.3171846703944285
2.79 -0.3270022905730778
2.8 -0.3456848411019298
2.81 -0.3690284945557853
2.82 -0.3925249326787545
2.83 -0.4120832534283809
2.84 -0.4247932742685081
2.85 -0.4295172406061192
2.86 -0.4270670849486202
2.87 -0.4199283742740505
2.88 -0.4116527836397581
2.89 -0.4060750068018937
2.9 -0.4064967158988484
2.91 -0.4149477478741175
2.92 -0.4316578009859682
2.93 -0.454913574305754
2.94 -0.4814271764870908
2.95 -0.5071763608757545
2.96 -0.5284313611803526
2.97 -0.5425448440237015
2.98 -0.5482509662323438
2.99 -0.5455469843048397
3 -0.5353781202797792
3.01 -0.5192908485692618
3.02 -0.4991506848282108
3.03 -0.4769452883215894
3.04 -0.4546387274174335
3.05 -0.4340693834732683
3.06 -0.416899580323951
3.07 -0.4046151960821929
3.08 -0.398553218279361
3.09 -0.399906850268466
3.1 -0.4096788688483852
3.11 -0.4285913987059211
3.12 -0.4569957414985568
3.13 -0.4948465014465673
3.14 -0.5417455313555157
3.15 -0.5970088461462941
3.16 -0.6597337787484974
3.17 -0.7288540554771492
3.18 -0.8031890780014863
3.19 -0.8815102511381516
3.2 -0.962582753185611
3.21 -1.045155394442911
3.22 -1.127973936968468
3.23 -1.209868674964867
3.24 -1.289874388047573
3.25 -1.367319145123416
3.26 -1.441835104123053
3.27 -1.513286398064778
3.28 -1.581665949539074
3.29 -1.647018013247271
3.3 -1.709390303922145
3.31 -1.768798876166148
3.32 -1.825231934392197
3.33 -1.878673074970745
3.34 -1.929046369010285
3.35 -1.976091407958064
3.36 -2.019280868877783
3.37 -2.057839329469523
3.38 -2.090851503022404
3.39 -2.117410679446922
3.4 -2.136754326018653
3.41 -2.148359166642269
3.42 -2.151983037094948
3.43 -2.147650334679557
3.44 -2.135590437982618
3.45 -2.116140599297217
3.46 -2.08963146009305
3.47 -2.056288638046241
3.48 -2.0161708581558
3.49 -1.969143109828885
3.5 -1.914894500768902
3.51 -1.852997074000027
3.52 -1.783007208270365
3.53 -1.704656643302159
3.54 -1.618081147993563
3.55 -1.523934302836277
3.56 -1.42333096913435
3.57 -1.317672304302342
3.58 -1.208461899920969
3.59 -1.097215939784799
3.6 -0.9854610190064887
3.61 -0.8747763705983806
3.62 -0.7668647023414636
3.63 -0.6636265482568522
3.64 -0.5672293026611954
3.65 -0.4801493121198335
3.66 -0.4051189255089782
3.67 -0.3449167870085779
3.68 -0.3019463082263067
3.69 -0.2775661840095411
3.7 -0.2713210195728402
3.71 -0.2805211610195011
3.72 -0.3005653509728017
3.73 -0.3258785627181444
3.74 -0.351006979824398
3.75 -0.3715643198320966
3.76 -0.3849294082057333
3.77 -0.3905643777640098
3.78 -0.3898476021102479
3.79 -0.3855454675718533
3.8 -0.3811089456404
3.81 -0.3799099607469474
3.82 -0.384535888028029
3.83 -0.3962011227596181
3.84 -0.4143608109477577
3.85 -0.4367568022756614
3.86 -0.4600238014389464
3.87 -0.4806390102024736
3.88 -0.4957907958523702
3.89 -0.5038433887430558
3.9 -0.5043477373076581
3.91 -0.4977885381140998
3.92 -0.4853062160745871
3.93 -0.4684925069691745
3.94 -0.4492314227544747
3.95 -0.4295637074713454
3.96 -0.4115969022265458
3.97 -0.3974691651851323
3.98 -0.389324322630396
3.99 -0.3892510488284917
4 -0.399146865455176
4.01 -0.4204706728248033
4.02 -0.4539301932231332
4.03 -0.4992441567107742
4.04 -0.5551514280626475
4.050000000000001 -0.6197358271201736
4.06 -0.6909017863982165
4.07 -0.766740399356185
4.08 -0.8456691459463173
4.09 -0.9264323120992768
4.1 -1.008060381248614
4.11 -1.089759140431735
4.12 -1.170774118767827
4.13 -1.250363515190895
4.140000000000001 -1.32785895403577
4.15 -1.402751293574027
4.16 -1.474780683615992
4.17 -1.543908938943119
4.18 -1.610164619339649
4.19 -1.673530442790088
4.2 -1.733906282966319
4.21 -1.791103362549257
4.220000000000001 -1.844853745490337
4.23 -1.894782849495577
4.24 -1.940378515319523
4.25 -1.981029025466321
4.26 -2.016094531710146
4.27 -2.044967055298726
4.28 -2.067124602588799
4.29 -2.082165592034846
4.300000000000001 -2.089809914120853
4.31 -2.089894845422727
4.32 -2.082379006820089
4.33 -2.067324032741563
4.34 -2.044836407192881
4.35 -2.014989179612594
4.36 -1.977761093814401
4.37 -1.933023988852765
4.38 -1.880580747490845
4.390000000000001 -1.820242916485606
4.4 -1.751904520553014
4.41 -1.675579189533985
4.42 -1.591465333724944
4.43 -1.500059121088591
4.44 -1.402211780950019
4.45 -1.29908142381051
4.46 -1.19204593295888
4.470000000000001 -1.082646333331229
4.48 -0.9725671942446135
4.49 -0.8636350533053667
4.5 -0.7578247348983087
4.51 -0.657268676244946
4.52 -0.5642648761952089
4.53 -0.4812483191472672
4.54 -0.4106847121900641
4.55 -0.3548718658702179
4.56 -0.3155799959776906
4.57 -0.2934565039548969
4.58 -0.287359620167956
4.59 -0.2940870712970867
4.600000000000001 -0.3088386679297352
4.61 -0.3262126586954222
4.62 -0.3412735211710842
4.63 -0.3504053312909239
4.640000000000001 -0.3518328783187061
4.65 -0.3457538703418255
4.66 -0.3341078322618496
4.67 -0.3200719761569202
4.68 -0.3074089352352454
4.69 -0.2997586592859749
4.7 -0.2999070322280333
4.71 -0.3091495412325869
4.720000000000001 -0.3269692403646332
4.73 -0.3511854146955717
4.74 -0.3785505911990135
4.75 -0.4055531831916954
4.76 -0.4290960138010216
4.77 -0.4468770533787843
4.78 -0.4575265842155538
4.79 -0.4606352441799837
4.8 -0.456708695893139
4.81 -0.4469872726125219
4.82 -0.4331494938528677
4.83 -0.4170480427855767
4.84 -0.4005795061089712
4.850000000000001 -0.3856528970709276
4.86 -0.3741817850530609
4.87 -0.3680468058219271
4.88 -0.36898338066749
4.890000000000001 -0.3783877120781023
4.9 -0.3971155146711731
4.91 -0.4253710006071136
4.92 -0.4627417078894025
4.93 -0.5083889383507363
4.94 -0.5613110650648809
4.95 -0.6205225181023732
4.96 -0.6850772441847597
4.970000000000001 -0.7540262411431913
4.98 -0.8264176081467229
4.99 -0.9013235529976868
5 -0.9778418254028818
5.01 -1.055095049280782
5.02 -1.132250594531827
5.03 -1.20854602602366
5.04 -1.283345421587715
5.05 -1.356242625309109
5.06 -1.427091458998375
5.07 -1.495852764229205
5.08 -1.562416670535999
5.09 -1.626562727585041
5.100000000000001 -1.687979683778912
5.11 -1.746324492351404
5.12 -1.801301790102443
5.13 -1.852627182068722
5.140000000000001 -1.8999190059956
5.15 -1.9426711263158
5.16 -1.980310767629125
5.17 -2.012269524352111
5.180000000000001 -2.038040645377813
5.19 -2.057216757819964
5.2 -2.069497838348516
5.21 -2.074693451500848
5.220000000000001 -2.072753133752411
5.23 -2.063799318584507
5.24 -2.048102866496371
5.25 -2.025985950936215
5.26 -1.997711154101784
5.27 -1.963448489159455
5.28 -1.923324119841956
5.29 -1.877451385420717
5.3 -1.825930337727037
5.31 -1.768899967213474
5.32 -1.706641988775135
5.33 -1.639691199998057
5.34 -1.568909604772042
5.350000000000001 -1.495428213566105
5.36 -1.420455676115229
5.37 -1.345068513185241
5.38 -1.270056929655033
5.390000000000001 -1.195846322220732
5.4 -1.122487179713235
5.41 -1.049734755561687
5.42 -0.9772507909758539
5.430000000000001 -0.9048238973987472
5.44 -0.8324614442363263
5.45 -0.7603793310788265
5.46 -0.689004555584146
5.470000000000001 -0.6190042992333833
5.48 -0.5512911211788278
5.49 -0.4869894033802766
