0 1.361407405830315
0.01 1.347230189337015
0.02 1.335140796430048
0.03 1.325650602128587
0.04 1.319079475405895
0.05 1.315565839915174
0.06 1.315140190347202
0.07000000000000001 1.317786802848177
0.08 1.323466118803043
0.09 1.332088744302633
0.1 1.343452750433454
0.11 1.357208082813203
0.12 1.37290932751331
0.13 1.390121840366747
0.14 1.408480337012199
0.15 1.427665067459548
0.16 1.44736995197021
0.17 1.467316427753959
0.18 1.487259986544271
0.19 1.506935636897383
0.2 1.52598634973902
0.21 1.543978067849141
0.22 1.56051361010744
0.23 1.57529867092809
0.24 1.588070584081514
0.25 1.598512690551943
0.26 1.606263455319575
0.27 1.610958270775984
0.28 1.612245584242488
0.29 1.609802790492322
0.3 1.603368865976847
0.31 1.592768415816304
0.32 1.577900833262937
0.33 1.558728107219142
0.34 1.535310009412034
0.35 1.50787370487942
0.36 1.476867428092195
0.37 1.442959332177302
0.38 1.406987269288379
0.39 1.369898547807793
0.4 1.332690265530945
0.41 1.296335464185997
0.42 1.26170716285327
0.43 1.229505320138994
0.44 1.200183419255505
0.45 1.17392075470057
0.46 1.150654635166037
0.47 1.13010378352602
0.48 1.11178852609822
0.49 1.095169617823067
0.5 1.079913806351649
0.51 1.066099917108345
0.52 1.054201514277746
0.53 1.04484933929398
0.54 1.03848439310386
0.55 1.035040400166693
0.5600000000000001 1.033813683120893
0.5700000000000001 1.033619939260499
0.58 1.033184996338515
0.59 1.031573545768835
0.6 1.028409278887979
0.61 1.023826839707408
0.62 1.018283471680151
0.63 1.012319435442602
0.64 1.006337890644312
0.65 1.000489734315658
0.66 0.9947299758893755
0.67 0.9890235222536718
0.68 0.9835298426906576
0.6900000000000001 0.9786104971792868
0.7000000000000001 0.9747086841439563
0.71 0.9722861942883982
0.72 0.9718345881327437
0.73 0.9738429202917671
0.74 0.9787369439279989
0.75 0.9868390417915371
0.76 0.9983194081163846
0.77 1.013161468739373
0.78 1.031204286348973
0.79 1.052174290745129
0.8 1.075662650659949
0.8100000000000001 1.101178591795037
0.8200000000000001 1.128191075967653
0.8300000000000001 1.155999524821026
0.84 1.183633746666252
0.85 1.210047568452593
0.86 1.234518985045985
0.87 1.256922195568272
0.88 1.277653844379976
0.89 1.297296632858482
0.9 1.316280081668448
0.91 1.334687112124548
0.92 1.352130907538164
0.93 1.3676533304301
0.9400000000000001 1.379791658652467
0.9500000000000001 1.386943949685757
0.96 1.38792969412859
0.97 1.382528530071829
0.98 1.37183413462972
0.99 1.358265821820571
1 1.345141792379587
1.01 1.335931990263223
1.02 1.333475921640026
1.03 1.339396001955166
1.04 1.353772386492816
1.05 1.375197108611381
1.06 1.401318266748318
1.07 1.429563772354598
1.08 1.457643192886985
1.09 1.483837926878327
1.1 1.507164655195728
1.11 1.52740301368576
1.12 1.545027024261047
1.13 1.561024418323334
1.14 1.576558982335488
1.15 1.592500571647971
1.16 1.608988822581133
1.17 1.625288457944126
1.18 1.639978073346141
1.19 1.651269699201465
1.2 1.657340157217416
1.21 1.656699184901897
1.22 1.648499498651533
1.23 1.632605231294941
1.24 1.609458253046991
1.25 1.579900996251791
1.26 1.545004892347666
1.27 1.505955306574768
1.28 1.464025849096839
1.29 1.420563654018434
1.3 1.376937178423386
1.31 1.334475376664397
1.32 1.294395826076982
1.33 1.257709675452272
1.34 1.225158441359933
1.35 1.197218723754909
1.36 1.174139242035215
1.37 1.155958363205207
1.38 1.142468129281802
1.39 1.133196478530386
1.4 1.127511722692557
1.41 1.124780988292526
1.42 1.124437170011965
1.43 1.125915099545657
1.44 1.12851886678265
1.45 1.131359930630181
1.46 1.133470392347312
1.47 1.133995724411592
1.48 1.132301323541232
1.49 1.12803117001971
1.5 1.1212279345616
1.51 1.112333942114569
1.52 1.101913830062987
1.53 1.090388384351118
1.54 1.078041634702925
1.55 1.065209399208171
1.56 1.052493194746979
1.57 1.040853870817332
1.58 1.031503589253896
1.59 1.025735747313974
1.6 1.02478927119901
1.61 1.029587694543463
1.62 1.040300926044758
1.63 1.055876577380055
1.64 1.073870523668553
1.65 1.091250997586475
1.66 1.106044857960083
1.67 1.118342366693562
1.68 1.129808107087749
1.69 1.142342212261484
1.7 1.157007357073663
1.71 1.173920993020646
1.72 1.192773839990075
1.73 1.213148590805528
1.74 1.234527497325011
1.75 1.256416030313364
1.76 1.278540453562419
1.77 1.300792934598598
1.78 1.322995034617509
1.79 1.344588854756267
1.8 1.364322049870102
1.81 1.380263936323015
1.82 1.39032386242842
1.83 1.39300226665926
1.84 1.387970661447558
1.85 1.376289032934453
1.86 1.360340725874389
1.87 1.343563790779883
1.88 1.329924784420346
1.89 1.323075782387651
1.9 1.325332996189047
1.91 1.33697203013218
1.92 1.356314285656526
1.93 1.380521595162389
1.94 1.406590776335475
1.95 1.432061450546173
1.96 1.455315581297754
1.97 1.475653840951341
1.98 1.493246501806015
1.99 1.508907270499225
2 1.52371714531488
2.01 1.538620635881425
2.02 1.554039452454123
2.03 1.569536773032644
2.04 1.583694443160513
2.05 1.594351092629369
2.06 1.599170305832491
2.07 1.596298731668379
2.08 1.584813018001625
2.09 1.564803219713359
2.1 1.537124152685978
2.11 1.503032191077889
2.12 1.463932492956198
2.13 1.4212555898776
2.14 1.376408438878166
2.15 1.330777029307319
2.16 1.285727498341286
2.17 1.242555773763443
2.18 1.202413743693599
2.19 1.166275127361971
2.2 1.134935875259052
2.21 1.108969554522498
2.22 1.08862392494888
2.23 1.073762344914012
2.24 1.063899387436413
2.25 1.058287581851935
2.26 1.05604207706478
2.27 1.056287232805365
2.28 1.058267792468354
2.29 1.061380760372331
2.3 1.065117000660341
2.31 1.068961149520892
2.32 1.072343519595513
2.33 1.074684100645898
2.34 1.075467359964502
2.35 1.07428446287708
2.36 1.070883434058226
2.37 1.065261087361313
2.38 1.057697465125047
2.39 1.048650171243257
2.4 1.038603088218837
2.41 1.028005316310264
2.42 1.017319346817736
2.43 1.007057592465602
2.44 0.9976752860285441
2.45 0.9894744025589604
2.46 0.9827413309095734
2.47 0.9779580165132797
2.48 0.9758243591538256
2.49 0.9770904205829853
2.5 0.9823553523320898
2.51 0.9919739243773704
2.52 1.006084785103617
2.53 1.024638581769416
2.54 1.047318245194454
2.55 1.073442807630698
2.56 1.10195747923479
2.57 1.131450780363967
2.58 1.160367402763046
2.59 1.187542013900966
2.6 1.212547001594634
2.61 1.235544115519382
2.62 1.25705189860419
2.63 1.277817597818248
2.64 1.298551389549209
2.65 1.319560019294047
2.66 1.340501612646258
2.67 1.360331698071918
2.68 1.377519741339259
2.69 1.390511982136287
2.7 1.398205805620834
2.71 1.400211117169823
2.72 1.396833167325217
2.73 1.388949046950204
2.74 1.37798953477941
2.75 1.36596895249414
2.76 1.355343902577547
2.77 1.348619003217382
2.78 1.347823206933954
2.79 1.354064854847373
2.8 1.367340961937737
2.81 1.386576012452313
2.82 1.409769986071007
2.83 1.434388958118352
2.84 1.458045890541868
2.85 1.479095755465631
2.86 1.496862397333996
2.87 1.511554097743915
2.88 1.524014517436256
2.89 1.535423932295303
2.9 1.546955936758169
2.91 1.559346024719065
2.92 1.572486560864376
2.93 1.585283557338149
2.94 1.595870453626779
2.95 1.60207790574741
2.96 1.601984131764524
2.97 1.594328880710091
2.98 1.578661484192764
2.99 1.555282855548022
3 1.5250446446724
3.01 1.489053019606197
3.02 1.448458929487586
3.03 1.404419105244896
3.04 1.358090750334677
3.05 1.310600984590934
3.06 1.263040016770038
3.07 1.216477015663304
3.08 1.171989220837627
3.09 1.130671633944671
3.1 1.093549317532312
3.11 1.061417600172397
3.12 1.034747609245864
3.13 1.01372654202675
3.14 0.9983766711082196
3.15 0.9886573559093597
3.16 0.984444380315407
3.17 0.9853084016645566
3.18 0.9902274587957867
3.19 0.9975010842176442
3.2 1.004917937181285
3.21 1.010067601756389
3.22 1.010756822241921
3.23 1.005474519637712
3.24 0.9937514680671953
3.25 0.9762487873512096
3.26 0.954490750831217
3.27 0.9303603086542029
3.28 0.9056584900966707
3.29 0.8819354840231388
3.3 0.8605024199851754
3.31 0.8423928873602238
3.32 0.8282653894927088
3.33 0.818408454098861
3.34 0.8128235923577907
3.35 0.8112707873964946
3.36 0.813273857983694
3.37 0.8181384642966849
3.38 0.8250770421242994
3.39 0.833414550267896
3.4 0.8427092558630975
3.41 0.8527861326001474
3.42 0.8637529446980503
3.43 0.8759410319767924
3.44 0.8897623934224863
3.45 0.9055655539701379
3.46 0.9235450175909472
3.47 0.9437346117615082
3.48 0.9660129842851144
3.49 0.9900555669816047
3.5 1.015340383044718
3.51 1.04123941010377
3.52 1.06716392796512
3.53 1.092781520231047
3.54 1.11816087300426
3.55 1.143721088702892
3.56 1.170056071398097
3.57 1.1976656014745
3.58 1.226595949203634
3.59 1.256102779367899
3.6 1.284517835411681
3.61 1.309498645647101
3.62 1.328674232019219
3.63 1.340386438077338
3.64 1.344149229907484
3.65 1.340758112385519
3.66 1.332242991719756
3.67 1.321741311627416
3.68 1.313142156091893
3.69 1.310347258943912
3.7 1.316216078014201
3.71 1.33166433394287
3.72 1.355535985732727
3.73 1.385278496344148
3.74 1.417827586228072
3.75 1.450272318881366
3.76 1.480320942883171
3.77 1.506601190862042
3.78 1.528710741483432
3.79 1.547067244339493
3.8 1.562614382196171
3.81 1.576414029370461
3.82 1.589265613632541
3.83 1.601392926273379
3.84 1.612203750432727
3.85 1.620288364778121
3.86 1.623748683671951
3.87 1.620726089288031
3.88 1.609918392657696
3.89 1.590875986124725
3.9 1.56398297570809
3.91 1.530263332680455
3.92 1.491166802126705
3.93 1.448380485243156
3.94 1.403688357173789
3.95 1.358845533657445
3.96 1.315450383210539
3.97 1.27487501599401
3.98 1.238258995189485
3.99 1.206518626165202
4 1.180312396082077
4.01 1.159909806086045
4.02 1.145054431948584
4.03 1.134955329660936
4.04 1.128421152386755
4.050000000000001 1.124122416617238
4.06 1.120916144153946
4.07 1.118016339127766
4.08 1.114880989552629
4.09 1.111038828809725
4.1 1.106097588252589
4.11 1.0998039968318
4.12 1.092002176589016
4.13 1.08259605613774
4.140000000000001 1.071578922112088
4.15 1.059114137478928
4.16 1.045624776236031
4.17 1.031686610345599
4.18 1.0177565790307
4.19 1.004075154395143
4.2 0.9907666092691225
4.21 0.9779815260033993
4.220000000000001 0.9660335115007435
4.23 0.9554339868219746
4.24 0.946873763258373
4.25 0.9412797001509823
4.26 0.9398141586151381
4.27 0.943648209577673
4.28 0.9535428860856086
4.29 0.9693328692991914
4.300000000000001 0.9895218157031631
4.31 1.011492453383219
4.32 1.032463812209144
4.33 1.050438168059104
4.34 1.064627325417648
4.35 1.075650118862221
4.36 1.085388842554167
4.37 1.096073373182757
4.38 1.109219542630496
4.390000000000001 1.125346252973949
4.4 1.144276700576442
4.41 1.16547292800092
4.42 1.188334987856496
4.43 1.212461462484899
4.44 1.237698468780172
4.45 1.26390345607549
4.46 1.29060785255603
4.470000000000001 1.316788106186986
4.48 1.340813033384193
4.49 1.360661645512792
4.5 1.374462490800993
4.51 1.381119128140589
4.52 1.380681194650775
4.53 1.374353783461659
4.54 1.3643288947091
4.55 1.353608039391357
4.56 1.345684194258177
4.57 1.343876251634027
4.58 1.35040474683472
4.59 1.365709546564485
4.600000000000001 1.388476793963954
4.61 1.416254401185755
4.62 1.446226636270102
4.63 1.475855293792193
4.640000000000001 1.50327991007178
4.65 1.527519579772233
4.66 1.548508940552829
4.67 1.566922933553043
4.68 1.583822323425415
4.69 1.6002589259188
4.7 1.6169324549855
4.71 1.633918278923986
4.720000000000001 1.650540293495098
4.73 1.665482235169619
4.74 1.677090234685262
4.75 1.683718334299185
4.76 1.684006342625937
4.77 1.677031553371004
4.78 1.662361859426853
4.79 1.640112118451774
4.8 1.610979851288789
4.81 1.576107610191759
4.82 1.536804729187033
4.83 1.494381778646067
4.84 1.450178335764902
4.850000000000001 1.405623643876202
4.86 1.36222040572907
4.87 1.321429660110795
4.88 1.284478411385098
4.890000000000001 1.252138719314654
4.9 1.22454035705378
4.91 1.201145474950702
4.92 1.180949275935247
4.93 1.162824541666092
4.94 1.145881582232959
4.95 1.129718914812759
4.96 1.114473970306287
4.970000000000001 1.100632925255688
4.98 1.088680703774447
4.99 1.078780565841023
5 1.070612336722302
5.01 1.063415125341749
5.02 1.056206675113864
5.03 1.048068412160908
5.04 1.038421488718103
5.05 1.02723689867448
5.06 1.015013679208034
5.07 1.002443462179236
5.08 0.9900498823002377
5.09 0.978075964442171
5.100000000000001 0.9664914727727267
5.11 0.9551121467472021
5.12 0.9439065206878974
5.13 0.9331635134026932
5.140000000000001 0.9233417727793394
5.15 0.914844363843359
5.16 0.9079185549708444
5.17 0.9026925252408526
5.180000000000001 0.8992767699145969
5.19 0.8978948054064779
5.2 0.8989875249092711
5.21 0.9031786394088033
5.220000000000001 0.9111513784161409
5.23 0.9235551148827006
5.24 0.9408585747007483
5.25 0.9630686280503111
5.26 0.9895238672857047
5.27 1.019024492864284
5.28 1.050177633081061
5.29 1.081619070424219
5.3 1.112119593441137
5.31 1.140751182009792
5.32 1.16700273829878
5.33 1.190789382714338
5.34 1.212436076603312
5.350000000000001 1.232560458695782
5.36 1.2518555632556
5.37 1.270898016840029
5.38 1.290039175839617
5.390000000000001 1.30937666327177
5.4 1.328745456463632
5.41 1.347724496843285
5.42 1.365724158607297
5.430000000000001 1.382079862044507
5.44 1.396067439086982
5.45 1.406933304011285
5.46 1.413984689826953
5.470000000000001 1.416680188838892
5.48 1.414745860525459
5.49 1.408328839370141
