0 0.8544916522037465
0.01 0.8280982575458458
0.02 0.805243860746959
0.03 0.7871154189882485
0.04 0.7743115498777868
0.05 0.7669400804389435
0.06 0.7646732641231218
0.07000000000000001 0.7668916008145681
0.08 0.7728751952772281
0.09 0.7818563598072927
0.1 0.7929415013965615
0.11 0.8050729454931442
0.12 0.8171474125084748
0.13 0.8282678112596749
0.14 0.8379766343048143
0.15 0.8463056571001788
0.16 0.8536041522972324
0.17 0.8603257867109151
0.18 0.8669313012045432
0.19 0.8738991843917514
0.2 0.8819101492575752
0.21 0.8919162675392136
0.22 0.9043055134818174
0.23 0.9174617544026686
0.24 0.9275791786326337
0.25 0.9306318706955543
0.26 0.9248647224324613
0.27 0.9116374875494744
0.28 0.8943194163873049
0.29 0.8765241101841119
0.3 0.8609475366040673
0.31 0.8491889561967865
0.32 0.8420791270644217
0.33 0.8398337864367598
0.34 0.8419414260984723
0.35 0.8471206756087399
0.36 0.8536124961851383
0.37 0.8598482164356933
0.38 0.8648975482807373
0.39 0.8682462703060603
0.4 0.8695804592454737
0.41 0.8689893342678658
0.42 0.8670689090403361
0.43 0.8646995467310123
0.44 0.8626701733951254
0.45 0.8613016281054451
0.46 0.8603632259443987
0.47 0.8593394198656004
0.48 0.8577054390459784
0.49 0.855160656825702
0.5 0.8519167176453735
0.51 0.8489135534183188
0.52 0.8479563476971093
0.53 0.8516001969108293
0.54 0.8624162006088651
0.55 0.8818229211388058
0.5600000000000001 0.9091422230035908
0.5700000000000001 0.9416533683145776
0.58 0.9757154378610586
0.59 1.007877188914205
0.6 1.03542385436513
0.61 1.056721800961393
0.62 1.071369193894839
0.63 1.079990877007262
0.64 1.083816951321223
0.65 1.084261171553392
0.66 1.082610165081575
0.67 1.07984168865032
0.68 1.076581986182967
0.6900000000000001 1.073197944458945
0.7000000000000001 1.069940690092957
0.71 1.06704697225736
0.72 1.064783926886466
0.73 1.063466148991546
0.74 1.063449722165919
0.75 1.065094514092964
0.76 1.068689719956857
0.77 1.074357253754481
0.78 1.081975327903799
0.79 1.091130659133471
0.8 1.101107108758257
0.8100000000000001 1.110989087506757
0.8200000000000001 1.119831908031409
0.8300000000000001 1.126643534605029
0.84 1.130162724544391
0.85 1.128772772735332
0.86 1.120724975935174
0.87 1.104502700575781
0.88 1.079126282322891
0.89 1.044437999235889
0.9 1.00147485036371
0.91 0.9527558243482872
0.92 0.9021885783627797
0.93 0.8544467386612373
0.9400000000000001 0.8138246332069956
0.9500000000000001 0.7829774954006981
0.96 0.7622559724911024
0.97 0.7500697784903858
0.98 0.7440210691985456
0.99 0.7419638320702813
1 0.74247165683364
1.01 0.7448535217039041
1.02 0.7489763342898152
1.03 0.7549487718755277
1.04 0.762630848245081
1.05 0.7711821056012331
1.06 0.7789510457142974
1.07 0.7836114778361631
1.08 0.7823240325904139
1.09 0.7721286063115298
1.1 0.7509017903606621
1.11 0.7188644226103031
1.12 0.6797929192756174
1.13 0.6401752404598327
1.14 0.6062918387266336
1.15 0.581875831333293
1.16 0.5678080862772696
1.17 0.5629042640893784
1.18 0.5647894181156121
1.19 0.5706394425015029
1.2 0.5778423033990561
1.21 0.5845208716126309
1.22 0.5897636883656507
1.23 0.5937279260722739
1.24 0.5978157136770434
1.25 0.604391769501484
1.26 0.6156553041404891
1.27 0.6326343156039766
1.28 0.6552415544921617
1.29 0.6828298408525004
1.3 0.7144299104278402
1.31 0.748642161226786
1.32 0.7834495807870758
1.33 0.816284656987754
1.34 0.8445165523523048
1.35 0.866126496514787
1.36 0.8802965120867414
1.37 0.8878724545670407
1.38 0.8915128361425833
1.39 0.8950872131279146
1.4 0.9024585854654266
1.41 0.9165072324402663
1.42 0.9387972774129389
1.43 0.9692581903738935
1.44 1.005656060938128
1.45 1.043937225548399
1.46 1.079786536693016
1.47 1.110018617984079
1.48 1.132987131021141
1.49 1.148406744550184
1.5 1.156904369446099
1.51 1.159531778133906
1.52 1.15748358365104
1.53 1.151959774486411
1.54 1.144040752585244
1.55 1.134583674436516
1.56 1.124194899658928
1.57 1.113301417906724
1.58 1.102285871399248
1.59 1.091593484619107
1.6 1.081736715696858
1.61 1.073220654702424
1.62 1.066462945729161
1.63 1.061757155657633
1.64 1.059285105758057
1.65 1.059124969085958
1.66 1.061180512613269
1.67 1.065053645533
1.68 1.069990509458058
1.69 1.074937840499164
1.7 1.07858682612725
1.71 1.079366124014364
1.72 1.075517968668958
1.73 1.065368945882038
1.74 1.047743785295109
1.75 1.022319200435913
1.76 0.9897888485170618
1.77 0.9518639668273936
1.78 0.9110781366985314
1.79 0.8704855676487506
1.8 0.8333220857721022
1.81 0.8022876449410923
1.82 0.7786527908180112
1.83 0.762113390788425
1.84 0.7515058785580901
1.85 0.7455587693088832
1.86 0.7431735049370385
1.87 0.7435089946926947
1.88 0.7461868717825606
1.89 0.7514340086382312
1.9 0.7598973802848938
1.91 0.772110417495858
1.92 0.7878766945787294
1.93 0.8060501925112291
1.94 0.8248286984563915
1.95 0.8421521921946291
1.96 0.8559489800178031
1.97 0.8643249054939184
1.98 0.8658611464153783
1.99 0.860007221507622
2 0.8472382495422646
2.01 0.8289393728462109
2.02 0.8074142032058407
2.03 0.7857540929869002
2.04 0.7669541373366453
2.05 0.7527930799872373
2.06 0.7435802186003095
2.07 0.7385618863661962
2.08 0.7360067019487122
2.09 0.7335350582581959
2.1 0.729532403621135
2.11 0.7241840367855468
2.12 0.7187741216834991
2.13 0.7146656898765622
2.14 0.7132945344765824
2.15 0.7162160302045049
2.16 0.7245181695597105
2.17 0.7382363191960719
2.18 0.7561212513766544
2.19 0.7758704714975133
2.2 0.794845982622066
2.21 0.8108661276227824
2.22 0.8227991352389692
2.23 0.8309315375227877
2.24 0.8369783354340115
2.25 0.8435344950886945
2.26 0.8530747635913176
2.27 0.8671776777492237
2.28 0.8864681791640381
2.29 0.9110014700716542
2.3 0.9406182345332583
2.31 0.9749049879167844
2.32 1.012593017585655
2.33 1.050911499211598
2.34 1.085900118761187
2.35 1.113946297051605
2.36 1.133231376468675
2.37 1.143823701956247
2.38 1.146957230578237
2.39 1.144441121168004
2.4 1.138241723647982
2.41 1.130115576767504
2.42 1.121422490024587
2.43 1.11311628810051
2.44 1.105745209665413
2.45 1.09946229228762
2.46 1.094180185879219
2.47 1.089809524899907
2.48 1.086403142404009
2.49 1.084166546610752
2.5 1.083377551929912
2.51 1.084254527560183
2.52 1.086809827610116
2.53 1.090703760633154
2.54 1.095152616162847
2.55 1.098937781498779
2.56 1.100490292970426
2.57 1.098110881964268
2.58 1.090316408020001
2.59 1.076045917999522
2.6 1.054671177967244
2.61 1.026104736358328
2.62 0.9911327119409403
2.63 0.9517385223311559
2.64 0.9110957952115948
2.65 0.8730925645048391
2.66 0.8413980627256077
2.67 0.8183839385191582
2.68 0.8045777688365234
2.69 0.7989936122905297
2.7 0.7999601405136278
2.71 0.8058421438724634
2.72 0.8154004199939493
2.73 0.8278543585424929
2.74 0.8427227526156624
2.75 0.8595615622953767
2.76 0.8777832231019786
2.77 0.8966803305396396
2.78 0.9156318968716457
2.79 0.9342820755220265
2.8 0.9525698372252376
2.81 0.9706047996405238
2.82 0.9882316327285539
2.83 1.004344730654865
2.84 1.01632511746359
2.85 1.019715947061439
2.86 1.008037161958329
2.87 0.9728299802797351
2.88 0.9045139410992129
2.89 0.7955414473498501
2.9 0.6474467524760348
2.91 0.4784656387548263
2.92 0.3191476599276797
2.93 0.1936321149531799
2.94 0.1089425776189268
2.95 0.06086363416477303
2.96 0.04276113424265127
2.97 0.04991279628131862
2.98 0.0806157590655352
2.99 0.1359667157993503
3 0.2185746955568799
3.01 0.3294246321753138
3.02 0.4630583011301761
3.03 0.6048691796088503
3.04 0.7358492627855404
3.05 0.8422164204524063
3.06 0.9200489627129955
3.07 0.9723824731237354
3.08 1.004558615512112
3.09 1.021770411540757
3.1 1.028434547804994
3.11 1.028111676739463
3.12 1.023450197856257
3.13 1.01607492147281
3.14 1.00670132142319
3.15 0.9956227435749661
3.16 0.9832259765764881
3.17 0.970287625724783
3.18 0.9580963877248649
3.19 0.9485645681709363
3.2 0.9443433167921018
3.21 0.9484003350096861
3.22 0.9628248847650624
3.23 0.987556510067332
3.24 1.019690937354912
3.25 1.054002612756912
3.26 1.084962043369869
3.27 1.10874731993041
3.28 1.123784455445306
3.29 1.130262619034222
3.3 1.129498358328035
3.31 1.123437476068979
3.32 1.114224916326055
3.33 1.103747169313414
3.34 1.093326444528591
3.35 1.083699131072715
3.36 1.075131017518925
3.37 1.067578073578123
3.38 1.060891773066925
3.39 1.054985795912822
3.4 1.049904114841414
3.41 1.045829707034827
3.42 1.043082518616856
3.43 1.042103713450683
3.44 1.043386660018363
3.45 1.047341088060438
3.46 1.054110589656756
3.47 1.063376874543822
3.48 1.074254964912099
3.49 1.085378840547855
3.5 1.095137082013854
3.51 1.101980452217941
3.52 1.104736861186115
3.53 1.102799036988736
3.54 1.09607691787784
3.55 1.084792640572093
3.56 1.069312046126337
3.57 1.050111919161855
3.58 1.027863823245148
3.59 1.003533535380226
3.6 0.9783444432608217
3.61 0.9536047261118963
3.62 0.9304978807770832
3.63 0.909858915954981
3.64 0.8920666143071143
3.65 0.877238280410972
3.66 0.8654933914777923
3.67 0.8568918142011253
3.68 0.8511814852119173
3.69 0.8476625583485715
3.7 0.8451572226053692
3.71 0.8420532839660924
3.72 0.8364559956803443
3.73 0.8264481103547356
3.74 0.8105173487959756
3.75 0.7880743873848948
3.76 0.759740552655384
3.77 0.7272380196120363
3.78 0.693036610806677
3.79 0.6599568916993723
3.8 0.6307732649377211
3.81 0.6078083933764606
3.82 0.5926244272189485
3.83 0.5859090009640724
3.84 0.5874881687515225
3.85 0.596344300602198
3.86 0.6106665767071466
3.87 0.628091850281153
3.88 0.6461115448016401
3.89 0.6625432416991144
3.9 0.676107920632516
3.91 0.6868016877439365
3.92 0.695691838816328
3.93 0.7044306936708646
3.94 0.7147576061077321
3.95 0.7279368958529755
3.96 0.7443564605492092
3.97 0.7634612250231831
3.98 0.7837752058823053
3.99 0.8030754518713117
4 0.8191757577123582
4.01 0.8308567301341467
4.02 0.8381255919892281
4.03 0.8422016689762595
4.04 0.8455087191912156
4.050000000000001 0.8511909768622266
4.06 0.862253413770147
4.07 0.8808049858219356
4.08 0.907575025894225
4.09 0.9416050659283632
4.1 0.9800718596664462
4.11 1.018806082002342
4.12 1.053728026855953
4.13 1.081980436553174
4.140000000000001 1.102027466365208
4.15 1.11348419874892
4.16 1.117026813518251
4.17 1.114106361726962
4.18 1.106562061369945
4.19 1.096276112275255
4.2 1.084897840600878
4.21 1.073726846433285
4.220000000000001 1.063690548862288
4.23 1.055319916875741
4.24 1.048779133387276
4.25 1.043964107285982
4.26 1.040617234047133
4.27 1.038446841742875
4.28 1.037231631667571
4.29 1.036882280643843
4.300000000000001 1.037464499120301
4.31 1.039175057412964
4.32 1.042261084963142
4.33 1.046902825050637
4.34 1.053076828354007
4.35 1.060442789822466
4.36 1.068333853677364
4.37 1.075839873219957
4.38 1.081880154894549
4.390000000000001 1.085241163833468
4.4 1.084650567030094
4.41 1.078953999255183
4.42 1.06740996636069
4.43 1.049984149496083
4.44 1.027392168476049
4.45 1.000815361068907
4.46 0.9715662039117028
4.470000000000001 0.9409271230654985
4.48 0.9101597229405298
4.49 0.8806045420102082
4.5 0.8535620170428837
4.51 0.8299592134001808
4.52 0.8103157180230545
4.53 0.7949344120581721
4.54 0.7837867086098385
4.55 0.7761608753153677
4.56 0.7707532581115863
4.57 0.7664182744724721
4.58 0.7628029178319089
4.59 0.7603256752155181
4.600000000000001 0.7597285680388004
4.61 0.7614716257281477
4.62 0.7652508353346059
4.63 0.7699310446944625
4.640000000000001 0.7738406715915271
4.65 0.7751998632571842
4.66 0.7725646657029359
4.67 0.7652017385179066
4.68 0.7533569392394242
4.69 0.7384228265766506
4.7 0.7227735659371741
4.71 0.7090743276841573
4.720000000000001 0.6994233701788044
4.73 0.6948429690961717
4.74 0.6952186474608233
4.75 0.699511079379799
4.76 0.7061526057624654
4.77 0.713578900588316
4.78 0.7206547306018218
4.79 0.7268156610683483
4.8 0.7320932118086461
4.81 0.7371259712064924
4.82 0.7429646121882731
4.83 0.7506038157161772
4.84 0.7604791148549408
4.850000000000001 0.772328392580917
4.86 0.7856244205601439
4.87 0.8001002969450406
4.88 0.8157643723697481
4.890000000000001 0.8325016998871817
4.9 0.8496915432531935
4.91 0.8662987557532409
4.92 0.8815893604713274
4.93 0.8957411011734031
4.94 0.909699057465577
4.95 0.9247039068487419
4.96 0.9420272038413975
4.970000000000001 0.9628279320845357
4.98 0.9879268400832988
4.99 1.017286859520908
5 1.049224992568727
5.01 1.080307196469716
5.02 1.106674387343113
5.03 1.125702385924876
5.04 1.136529050740364
5.05 1.139598751085844
5.06 1.136075846101403
5.07 1.127447105214983
5.08 1.115294552159381
5.09 1.101152982230886
5.100000000000001 1.086388689148417
5.11 1.072102470010488
5.12 1.059053366097075
5.13 1.04763135793611
5.140000000000001 1.037940573958152
5.15 1.029962542636828
5.16 1.023664812703998
5.17 1.019000505449687
5.180000000000001 1.015869523800978
5.19 1.014097087766645
5.2 1.013441089215464
5.21 1.013599067921229
5.220000000000001 1.014179404110865
5.23 1.01467332428885
5.24 1.014493298380789
5.25 1.0130674150994
5.26 1.009946279609665
5.27 1.004930322075233
5.28 0.9981642605782195
5.29 0.9901095867859526
5.3 0.9814649279467202
5.31 0.9731127546135685
5.32 0.9659922792297939
5.33 0.9608413897428436
5.34 0.9579483755434222
5.350000000000001 0.9570836408320673
5.36 0.9576620348709683
5.37 0.9590158471597645
5.38 0.9605911323702827
5.390000000000001 0.9620409861476151
5.4 0.9632850347834401
5.41 0.9644878195292392
5.42 0.9659142202577922
5.430000000000001 0.9677752986969042
5.44 0.970168167397234
5.45 0.9730972233506234
5.46 0.9765075020681273
5.470000000000001 0.9802588201316915
5.48 0.984085072332439
5.49 0.9876257531150703
