0 1.418054916944164
0.01 1.424294351779056
0.02 1.430702218032651
0.03 1.437151917254514
0.04 1.443503307179508
0.05 1.449602362652366
0.06 1.455287934186929
0.07000000000000001 1.460406069177114
0.08 1.46482691082682
0.09 1.468454893378883
0.1 1.471232438477421
0.11 1.473138768812137
0.12 1.474182925371462
0.13 1.474397413119741
0.14 1.473843256397742
0.15 1.472618389626307
0.16 1.470849282877321
0.17 1.468670985928644
0.18 1.466212608514498
0.19 1.463584335037991
0.2 1.460865846644721
0.21 1.458114771571426
0.22 1.455389129033665
0.23 1.452755387859169
0.24 1.450286997083762
0.25 1.448072976771342
0.26 1.446220123365786
0.27 1.44483205072585
0.28 1.443980331696528
0.29 1.443677773217719
0.3 1.443856993616651
0.31 1.444372340798243
0.32 1.445033509914588
0.33 1.445656470854995
0.34 1.446108657798596
0.35 1.446327209013699
0.36 1.446315012362966
0.37 1.446135771759713
0.38 1.445906876712047
0.39 1.445785770391353
0.4 1.445953913557563
0.41 1.446592718165285
0.42 1.447857467898519
0.43 1.44986459644365
0.44 1.452692057257349
0.45 1.456380184253062
0.46 1.460925576360082
0.47 1.466276828257465
0.48 1.472333994671964
0.49 1.478947581461556
0.5 1.485926321939264
0.51 1.493053860484403
0.52 1.500107227848376
0.53 1.506877600385548
0.54 1.513182803943458
0.55 1.518856738912769
0.5600000000000001 1.523727843992662
0.5700000000000001 1.527613277372835
0.58 1.530335537157456
0.59 1.531754444843066
0.6 1.531807079608964
0.61 1.530534996568043
0.62 1.528080202207265
0.63 1.524663970440161
0.64 1.520565432661461
0.65 1.516102426822564
0.66 1.511614456523526
0.67 1.507438575351621
0.68 1.503887232931603
0.6900000000000001 1.501231268682304
0.7000000000000001 1.499660252226302
0.71 1.499234116074905
0.72 1.499870346019144
0.73 1.501376300671951
0.74 1.503504256741695
0.75 1.505991556323289
0.76 1.508573648641747
0.77 1.51099469143785
0.78 1.513022914643066
0.79 1.514461711111424
0.8 1.515167207878417
0.8100000000000001 1.515069296670825
0.8200000000000001 1.514174454269563
0.8300000000000001 1.512559071261323
0.84 1.510360701871654
0.85 1.507753389753816
0.86 1.504926495871216
0.87 1.502085995817985
0.88 1.499450417884116
0.89 1.49723035201094
0.9 1.495615312809643
0.91 1.494765060721494
0.92 1.494784463886232
0.93 1.495697707855407
0.9400000000000001 1.497451644765178
0.9500000000000001 1.49994396998733
0.96 1.503047687201529
0.97 1.506608599715713
0.98 1.510427399121412
0.99 1.51426060344256
1 1.517839975714731
1.01 1.520886024097301
1.02 1.523117597532399
1.03 1.524276839883235
1.04 1.524169963437152
1.05 1.522701931217116
1.06 1.519895407512242
1.07 1.515903102150402
1.08 1.511001197235964
1.09 1.505548900363205
1.1 1.49993869040082
1.11 1.494557117877593
1.12 1.489746079819053
1.13 1.485763453574702
1.14 1.482753430422186
1.15 1.480735579108929
1.16 1.479622187097855
1.17 1.479263467402877
1.18 1.47950320585652
1.19 1.480213780162448
1.2 1.481291691259984
1.21 1.482637310230608
1.22 1.484150220333961
1.23 1.485735625307443
1.24 1.48730628011204
1.25 1.48878375108636
1.26 1.490110716007563
1.27 1.491266586000387
1.28 1.492268566164555
1.29 1.493163134812469
1.3 1.494025094230117
1.31 1.494961585847309
1.32 1.496101944901282
1.33 1.497572194184492
1.34 1.499475162311267
1.35 1.501884982249139
1.36 1.504846634431734
1.37 1.508372003133404
1.38 1.51243623489064
1.39 1.516988474151368
1.4 1.521969700373495
1.41 1.527304818381654
1.42 1.53287010890508
1.43 1.538473836501021
1.44 1.543857811123074
1.45 1.548706255430583
1.46 1.552675859188537
1.47 1.555457039569368
1.48 1.556838739629393
1.49 1.556745887793825
1.5 1.555239003639258
1.51 1.552486688222157
1.52 1.548730193674741
1.53 1.544247892859198
1.54 1.539332488626834
1.55 1.534289021918489
1.56 1.52942714712484
1.57 1.525030595110667
1.58 1.52132415331327
1.59 1.518448376263621
1.6 1.516443056896811
1.61 1.51525462269044
1.62 1.514753410180254
1.63 1.514731102589644
1.64 1.514901970326315
1.65 1.5149411441295
1.66 1.514540786474017
1.67 1.513453391322443
1.68 1.511515065108424
1.69 1.508656033993594
1.7 1.504906874456649
1.71 1.500396425733655
1.72 1.495334686643312
1.73 1.489987779747071
1.74 1.484652727868558
1.75 1.47963524274681
1.76 1.475231410211912
1.77 1.471707848362526
1.78 1.469285734999062
1.79 1.46813508200934
1.8 1.468363039979553
1.81 1.469991970894275
1.82 1.472950586098571
1.83 1.477085350154289
1.84 1.482172499737416
1.85 1.487923569878969
1.86 1.493999762779612
1.87 1.500034009486843
1.88 1.505645660292291
1.89 1.51045748610732
1.9 1.514125733439069
1.91 1.516370463944313
1.92 1.517005118334107
1.93 1.515978442101154
1.94 1.513412003134257
1.95 1.509590644725005
1.96 1.504900533772195
1.97 1.499762887376976
1.98 1.494592406437225
1.99 1.489753538802601
2 1.485503400164053
2.01 1.481966077223386
2.02 1.479167118070644
2.03 1.477093010884855
2.04 1.475722402522909
2.05 1.475016242302686
2.06 1.474892756280144
2.07 1.475212952161514
2.08 1.475787862546043
2.09 1.476403268305615
2.1 1.476850917398426
2.11 1.476963114897925
2.12 1.476640113694501
2.13 1.475854980424415
2.14 1.474637964351426
2.15 1.473057211877443
2.16 1.471212321295405
2.17 1.469233514887653
2.18 1.467269788927312
2.19 1.465467986551289
2.2 1.463948805456106
2.21 1.462785859005751
2.22 1.461999647068575
2.23 1.46156926607162
2.24 1.46145228987877
2.25 1.461603569722576
2.26 1.461986007065278
2.27 1.46256953778715
2.28 1.463321842382427
2.29 1.464186993438684
2.3 1.465048216706706
2.31 1.465702831514393
2.32 1.465879020751272
2.33 1.465284672490058
2.34 1.463664209517928
2.35 1.460842965808748
2.36 1.456747791124712
2.37 1.451414595126847
2.38 1.444989570840625
2.39 1.43771535458488
2.4 1.429908438323892
2.41 1.421937532271026
2.42 1.414189202675257
2.43 1.407022650750445
2.44 1.400744803576609
2.45 1.395598962838495
2.46 1.391739795412189
2.47 1.389214940274412
2.48 1.387967614538913
2.49 1.387836038298292
2.5 1.388550059772548
2.51 1.389754606336283
2.52 1.39106779890225
2.53 1.392141974340166
2.54 1.392694820259686
2.55 1.39252180859478
2.56 1.391515225123751
2.57 1.389686051209617
2.58 1.387164926704797
2.59 1.384170388809274
2.6 1.380968541914254
2.61 1.377841426929884
2.62 1.375054772222103
2.63 1.372840068993391
2.64 1.371393760063961
2.65 1.370855487790723
2.66 1.371272466648972
2.67 1.37259856495408
2.68 1.374724150957698
2.69 1.377495105542719
2.7 1.380712058113839
2.71 1.384127943448921
2.72 1.387460979023093
2.73 1.390427534970011
2.74 1.392776139477214
2.75 1.394299419980279
2.76 1.394825605469853
2.77 1.394212647125948
2.78 1.392350001977132
2.79 1.389151890572911
2.8 1.384558085094411
2.81 1.378567323186977
2.82 1.37127129836793
2.83 1.362856381731813
2.84 1.353595405950184
2.85 1.343839402307154
2.86 1.333992229550035
2.87 1.324472455293974
2.88 1.315675177108787
2.89 1.307943210719625
2.9 1.30154993436173
2.91 1.296683252987475
2.92 1.293426173630064
2.93 1.291732473904219
2.94 1.291407568934242
2.95 1.292131882767829
2.96 1.293546773301105
2.97 1.295358607683516
2.98 1.297388643362246
2.99 1.299552493293428
3 1.301817105238054
3.01 1.30418122942841
3.02 1.306676305551698
3.03 1.309355893117895
3.04 1.312271397708169
3.05 1.315457640601144
3.06 1.318937947382769
3.07 1.322735660500909
3.08 1.326872447436227
3.09 1.331357783364601
3.1 1.336185806319384
3.11 1.341338580274595
3.12 1.34679183420173
3.13 1.352520433059349
3.14 1.358493523677811
3.15 1.364661316053578
3.16 1.370946798659026
3.17 1.377244256705768
3.18 1.383424936077581
3.19 1.389353131974764
3.2 1.394894971050197
3.21 1.399903727926819
3.22 1.404206456497547
3.23 1.407617111411161
3.24 1.40996230637452
3.25 1.411098418726425
3.26 1.410916040899465
3.27 1.409349507868095
3.28 1.406407026508051
3.29 1.402198515556016
3.3 1.396940315155291
3.31 1.39094345191999
3.32 1.384581290109442
3.33 1.378241987746139
3.34 1.372293148021051
3.35 1.367054291098077
3.36 1.362766334278794
3.37 1.35958887520642
3.38 1.357621992930067
3.39 1.356902491970063
3.4 1.357379977441898
3.41 1.358909056065369
3.42 1.361251874321066
3.43 1.364083397768156
3.44 1.367018773795801
3.45 1.369674964517048
3.46 1.371748940973447
3.47 1.373073107876418
3.48 1.373626023361075
3.49 1.373508905756676
3.5 1.372896627528277
3.51 1.371975256130944
3.52 1.370907650165725
3.53 1.36984553853834
3.54 1.368945242718612
3.55 1.368354490460793
3.56 1.368189871726804
3.57 1.368532594655869
3.58 1.369450412438131
3.59 1.371027014086891
3.6 1.373363777786369
3.61 1.376545208716438
3.62 1.380600463135907
3.63 1.385487206415511
3.64 1.391087007068294
3.65 1.397203888751026
3.66 1.403574971800869
3.67 1.409887043240503
3.68 1.415793501187958
3.69 1.420939268765143
3.7 1.424990281465524
3.71 1.427670861493131
3.72 1.428813219326047
3.73 1.428387122201881
3.74 1.426492209836686
3.75 1.423341531668739
3.76 1.419243256433421
3.77 1.414564034262964
3.78 1.409686011709394
3.79 1.404971202345116
3.8 1.400728636236808
3.81 1.397195632501802
3.82 1.394541225823161
3.83 1.392868705844072
3.84 1.392198874033201
3.85 1.392437801524797
3.86 1.393355832488004
3.87 1.394625439368374
3.88 1.39591977568922
3.89 1.397002550863566
3.9 1.397760484715893
3.91 1.398194165668422
3.92 1.398393521013782
3.93 1.398504682611684
3.94 1.398693452336958
3.95 1.399119555611256
3.96 1.399922087348203
3.97 1.401204161051812
3.98 1.40302025072355
3.99 1.405371779708688
4 1.408215522805541
4.01 1.411488433390155
4.02 1.41512857056148
4.03 1.41907351332657
4.04 1.423244768584055
4.050000000000001 1.42753814157404
4.06 1.431833879796459
4.07 1.436011438898909
4.08 1.439939985243794
4.09 1.44345242200886
4.1 1.44633437487861
4.11 1.4483369734952
4.12 1.449209212952419
4.13 1.448745586996109
4.140000000000001 1.446839550682648
4.15 1.443525962177188
4.16 1.438981546598529
4.17 1.43348782038699
4.18 1.42739500670623
4.19 1.42108971409872
4.2 1.414966918056131
4.21 1.409413106791962
4.220000000000001 1.404777571142682
4.23 1.401326069698325
4.24 1.399198757364818
4.25 1.398394660904128
4.26 1.398800704250376
4.27 1.400242882519034
4.28 1.402515315271186
4.29 1.405387927672327
4.300000000000001 1.408614225067952
4.31 1.411938009958865
4.32 1.415096187110282
4.33 1.417831378033032
4.34 1.41992363895603
4.35 1.421229670452171
4.36 1.421712451111488
4.37 1.421444227303347
4.38 1.420573562127696
4.390000000000001 1.41928246641423
4.4 1.417764794311386
4.41 1.416214058349356
4.42 1.414801559461602
4.43 1.41365759989648
4.44 1.412874928525381
4.45 1.41253516527908
4.46 1.412734694960875
4.470000000000001 1.413582629018
4.48 1.415176215434962
4.49 1.417574372921483
4.5 1.420778190688545
4.51 1.424725578888888
4.52 1.429296131109568
4.53 1.434311508043378
4.54 1.439535399871652
4.55 1.444683752856496
4.56 1.449439576894889
4.57 1.45347035364294
4.58 1.456455403074211
4.59 1.458121335394035
4.600000000000001 1.458278012370946
4.61 1.456850077478053
4.62 1.453895870684152
4.63 1.449604273945843
4.640000000000001 1.444277925257225
4.65 1.438310167680565
4.66 1.432136872851662
4.67 1.426172929411008
4.68 1.420769849306501
4.69 1.416188382217547
4.7 1.412581510581086
4.71 1.41001462519811
4.720000000000001 1.408505228384729
4.73 1.408027274649274
4.74 1.408474438864464
4.75 1.4096341678606
4.76 1.411218918367651
4.77 1.412944218846121
4.78 1.414592701424197
4.79 1.416022267368469
4.8 1.417145408934397
4.81 1.41792435279985
4.82 1.418379960473612
4.83 1.418592562792391
4.84 1.41868819249626
4.850000000000001 1.418808910127316
4.86 1.419078037068821
4.87 1.419584813277614
4.88 1.420392522112233
4.890000000000001 1.421547777349471
4.9 1.423080708428652
4.91 1.425003637532963
4.92 1.427308569389862
4.93 1.429963206386692
4.94 1.432915030880461
4.95 1.436104621172412
4.96 1.439477042901265
4.970000000000001 1.442984932593273
4.98 1.446579455061316
4.99 1.450185661710798
5 1.453671100862636
5.01 1.45682898814906
5.02 1.459397956310784
5.03 1.461120183921055
5.04 1.461807887056921
5.05 1.461379532952209
5.06 1.459860019886418
5.07 1.457365265726394
5.08 1.454079596572045
5.09 1.450230800201834
5.100000000000001 1.446070450309182
5.11 1.441862374676846
5.12 1.437875061268934
5.13 1.434359810417322
5.140000000000001 1.431510885252143
5.15 1.429433952324188
5.16 1.428145700413755
5.17 1.427592329031411
5.180000000000001 1.42766003226514
5.19 1.428180766556907
5.2 1.428952862565705
5.21 1.429771623619697
5.220000000000001 1.43044667979581
5.23 1.430805966106766
5.24 1.430708297380554
5.25 1.430066506045054
5.26 1.428864235275519
5.27 1.427151889534103
5.28 1.425016410113034
5.29 1.422544375170831
5.3 1.419807317692268
5.31 1.416867039032988
5.32 1.413781652326286
5.33 1.410607916249315
5.34 1.407401609007664
5.350000000000001 1.404216419068908
5.36 1.401104316943888
5.37 1.398118835768878
5.38 1.395316758612159
5.390000000000001 1.392751896296604
5.4 1.390465914269216
5.41 1.388485919809452
5.42 1.38682443912708
5.430000000000001 1.385475312485519
5.44 1.384412632821298
5.45 1.383601802713679
5.46 1.383020871246245
5.470000000000001 1.382680988664549
5.48 1.38263466830713
5.49 1.38296519795553
