0.26000000000000000888 -62.365152208987922222 420.74380102678730964 0.76587376036601262363 0
0.27000000000000001776 -62.596635078555067366 414.1390003081114628 0.76625560615316967716 0
0.28000000000000002665 -63.141973914274835522 408.13408704929457826 0.76659607077187241764 0
0.28999999999999998002 -64.024415212270980646 403.07631464061114457 0.76685881393659727223 0
0.2999999999999999889 -65.257361238833297534 399.24202460958372285 0.7670225269628528908 0
0.30999999999999999778 -66.844297960710562734 396.82962474204975933 0.76708017942573969439 0
0.32000000000000000666 -68.778862350793843916 395.95954406109228785 0.767035829569071681 0
0.33000000000000001554 -71.04471064222509824 396.67561863624104035 0.76690393561026659608 0
0.34000000000000002442 -73.61526336732696052 398.94636603748853076 0.76670461969984993189 0
0.35000000000000003331 -76.453855192487949921 402.66820541099338016 0.76645391112473493234 0
0.35999999999999998668 -79.514861806819780554 407.67110730360184334 0.76615767254862054969 0
0.36999999999999999556 -82.745932295083562735 413.72708297204786732 0.76581497155419242517 0
0.38000000000000000444 -86.091208909813360606 420.5688832387304501 0.76542728228604950402 0
0.39000000000000001332 -89.495104514871599122 427.92333230558398327 0.7650049532743443681 0
0.4000000000000000222 -92.9054068329777607 435.54728403931528646 0.76456565322581193644 0
0.41000000000000003109 -96.274420271855959186 443.24766059614569258 0.76412618304609547515 0
0.41999999999999998446 -99.558019317467525866 450.87744535758406528 0.76369461242729075323 0
0.42999999999999999334 -102.71345542032918274 458.31188047783786033 0.76327175963549986903 0
0.44000000000000000222 -105.69700811881858726 465.41746282735533669 0.76286160223193077989 0
0.4500000000000000111 -108.46264303316513633 472.03369900844683116 0.76247851469788718859 0
0.46000000000000001998 -110.96260981566103965 477.98591400807686114 0.76214350187532742265 0
0.47000000000000002887 -113.15020757461618928 483.12571395205031877 0.76187294652095760572 0
0.47999999999999998224 -114.98385334910432221 487.37046520921859383 0.76166924421407489199 0
0.48999999999999999112 -116.43069447255842874 490.71548767886366704 0.76152045534630219414 0
0.5 -117.46853032592562727 493.21822058420224266 0.76140844680708308356 0
0.51000000000000000888 -118.08624890117873463 494.97111014186515376 0.76131933484712122073 0
0.52000000000000001776 -118.28351836759534876 496.0789438667998752 0.76124935057273013239 0
0.53000000000000002665 -118.07005001544372647 496.6453926015068987 0.7612044968459148464 0
0.54000000000000003553 -117.46433978093450889 496.76381430160563468 0.76119540760407211621 0
0.55000000000000004441 -116.49177688779796824 496.50740293105297951 0.7612296825993108973 0
0.56000000000000005329 -115.18244087376626794 495.91836026277292149 0.76130859382846149952 0
0.57000000000000006217 -113.56925703666691163 494.99843646747177672 0.76143180678178268295 0
0.57999999999999996003 -111.68697775382777593 493.70565302598356539 0.76160384675270931254 0
0.58999999999999996891 -109.57201030691199151 491.96181094458705729 0.76183653459719724577 0
0.5999999999999999778 -107.26261745148933358 489.67097956950431126 0.76214803985216383886 0
0.60999999999999998668 -104.79895803068890814 486.74575704975677581 0.76255548060600919502 0
0.61999999999999999556 -102.2230499979522591 483.13484985887265566 0.7630603337835449862 0
0.63000000000000000444 -99.578916191223456167 478.84040112706207992 0.76364180042994789233 0
0.64000000000000001332 -96.912537327594549197 473.91435296554323031 0.76426745587961475437 0
0.6500000000000000222 -94.270796517335696763 468.43372579715168058 0.76490902154341877672 0
0.66000000000000003109 -91.698980848573057756 462.46732389666982499 0.76555229274183278498 0
0.67000000000000003997 -89.237502150964971293 456.05273116866993632 0.76620022521968955687 0
0.68000000000000004885 -86.919425504514038039 449.19874105984314383 0.76686600485836020624 0
0.69000000000000005773 -84.770225359399503873 441.91431335744408671 0.76755630139126040934 0
0.70000000000000006661 -82.81003008282110045 434.24929715067082725 0.76825711025969978252 0
0.70999999999999996447 -81.057211692625372734 426.32679386108452491 0.7689360518833527891 0
0.71999999999999997335 -79.531446217439281554 418.35298559437387667 0.76955900404710875229 0
0.72999999999999998224 -78.254639064944569782 410.60300400165618839 0.77010334701499427723 0
0.73999999999999999112 -77.24919477100567633 403.39357892451459975 0.77055666206453277134 0
0.75 -76.534877919696072013 397.05423084787571497 0.77090722065367678351 0
0.76000000000000000888 -76.126525163529677798 391.90153841046878824 0.77113819037782982413 0
0.77000000000000001776 -76.03337737332626034 388.21591879408151726 0.77122892402471843187 0
0.78000000000000002665 -76.25864931697094562 386.21977505316885981 0.77115712850255524469 0
0.79000000000000003553 -76.798376219740731585 386.05818064388870425 0.77089955686432487525 0
0.80000000000000004441 -77.640482382515827453 387.78622366138802136 0.77043641844816024289 0
0.81000000000000005329 -78.765356506667345116 391.36650066220698818 0.76976115652519794263 0
0.82000000000000006217 -80.147996847399667786 396.67573927191517669 0.76889011977599652781 0
0.83000000000000007105 -81.760743605226394948 403.51799757007790959 0.76786544752422580817 0
0.83999999999999996891 -83.575326723740431589 411.64406263991048718 0.76674914615257649952 0
0.8499999999999999778 -85.56317422082619828 420.77458390914847541 0.76560979185898836441 0
0.85999999999999998668 -87.693676680882347796 430.61860825576360412 0.76450628145531096536 0
0.86999999999999999556 -89.931274706482724923 440.87894756591725809 0.76347845941696868 0
0.88000000000000000444 -92.232987627078671267 451.24708113972144474 0.76254941354581728952 0
0.89000000000000001332 -94.547627571981465167 461.40315481307504797 0.7617309708886477182 0
0.9000000000000000222 -96.817119138953913193 471.03140410881167099 0.76102555986276443356 0
0.91000000000000003109 -98.979728984045465268 479.84250205136851264 0.76043036039414624305 0
0.92000000000000003997 -100.97404377226138195 487.587416884049901 0.75994589310757920675 0
0.93000000000000004885 -102.74166803438970419 494.06001594501890395 0.75957909839757209447 0
0.94000000000000005773 -104.22752268472906678 499.09922146825709888 0.75933660076462705657 0
0.95000000000000006661 -105.37904389641111891 502.5971094089388771 0.75921505388228638367 0
0.95999999999999996447 -106.14681300576984313 504.50796976327336552 0.75919613685530673575 0
0.96999999999999997335 -106.48785631962221032 504.85270611674849306 0.75924912300038094326 0
0.97999999999999998224 -106.37086325599979375 503.71661553106235942 0.7593395150881796507 0
0.98999999999999999112 -105.78166729719021077 501.24121067757687342 0.75943901089631460355 0
1 -104.72739981610058635 497.61186618844249097 0.75953127890953675561 0
1.0100000000000000089 -103.23832744209794043 493.04180779962553061 0.7596148427693641958 0
1.0200000000000000178 -101.36719080172800034 487.75678574244665242 0.7597073409397028243 0
1.0300000000000000266 -99.186192111082732481 481.98762182447654823 0.75984443610956020621 0
1.0400000000000000355 -96.78172974749821833 475.96923962568416755 0.76006531893500905994 0
1.0500000000000000444 -94.247512827579427608 469.93693381955438326 0.76039406377531504333 0
1.0600000000000000533 -91.677471794954399797 464.11213273824711223 0.76083293503133031521 0
1.0700000000000000622 -89.159811970225803179 458.67574591296704511 0.76136908309175455045 0
1.0800000000000000711 -86.772950493784250625 453.73734558403685924 0.76198562921765566891 0
1.0900000000000000799 -84.583571220987906258 449.31860601693153967 0.76267203998956079047 0
1.1000000000000000888 -82.646453399623553082 445.36399593068352942 0.76342888011697651596 0
1.1100000000000000977 -81.005074443846723398 441.76725282766227565 0.76426205343048636554 0
1.1200000000000001066 -79.691728082344198469 438.38878699406518535 0.76517528175677340663 0
1.1300000000000001155 -78.726525570520010433 435.05976273414557909 0.76617031025472315253 0
1.1400000000000001243 -78.116083383484323122 431.59345766793347821 0.76724631671118370679 0
1.1500000000000001332 -77.853648436147992129 427.81792964072081986 0.76839333223852923638 0
1.1599999999999999201 -77.921583850247202463 423.61874245299014774 0.76958795528066326064 0
1.1699999999999999289 -78.295360037248073581 418.97151625979682876 0.77079482082613381966 0
1.1799999999999999378 -78.94743547604844025 413.9571854737272929 0.77197062471309618736 0
1.1899999999999999467 -79.850074062535412622 408.76470990478725298 0.77306822420241994021 0
1.1999999999999999556 -80.97697691990535418 403.68235855332039819 0.77403941962385158782 0
1.2099999999999999645 -82.303962116921610459 399.07284548461325357 0.77483626098708646701 0
1.2199999999999999734 -83.809145384461544381 395.33299563512207442 0.7754124121828801508 0
1.2299999999999999822 -85.472997232328566497 392.843723551198309 0.77572748096734511769 0
1.2399999999999999911 -87.278258025910972151 391.9178439179029283 0.77575685692979878816 0
1.25 -89.209660781524490858 392.76275607408990709 0.77549907406688378675 0
1.2600000000000000089 -91.253766055777148836 395.47534024121449647 0.77497211701768198289 0
1.2700000000000000178 -93.399385266729893829 400.06382033857181568 0.77420800697701552817 0
1.2800000000000000266 -95.638452227254248328 406.47425484771463289 0.77325075396630893465 0
1.2900000000000000355 -97.965893389949016523 414.6022979557033068 0.77215224164481155444 0
1.3000000000000000444 -100.37673932431520996 424.28141024244166601 0.77096837415853780584 0
1.3100000000000000533 -102.86045119109846269 435.2565121664785579 0.76975692090334013606 0
1.3200000000000000622 -105.39459876499394397 447.16573094566416557 0.76857540768981891244 0
1.3300000000000000711 -107.94074943701116354 459.5468600960722938 0.76747609720433118685 0
1.3400000000000000799 -110.44458059288989205 471.87162769280587327 0.76649446774123486392 0
1.3500000000000000888 -112.84031133180808126 483.59997491484796228 0.76564246924986489873 0
1.3600000000000000977 -115.05745673961317266 494.23733328126837705 0.76491741105203292506 0
1.3700000000000001066 -117.02708811781201348 503.37785712059053367 0.76431431605820088215 0
1.3800000000000001155 -118.68568612163798548 510.72754954414443773 0.76382797383285061521 0
1.3900000000000001243 -119.97651337308296604 516.10700835298416678 0.76344855352823581818 0
1.4000000000000001332 -120.84996766713456395 519.43316361600227538 0.76316180701612057469 0
1.4099999999999999201 -121.26443890746395482 520.68984140373299851 0.76295815502696240351 0
1.4199999999999999289 -121.18811271782503525 519.90980215687420696 0.76284166610871806391 0
1.4299999999999999378 -120.60134666981727491 517.18572837670058107 0.76282403755305738802 0
1.4399999999999999467 -119.49931453682839333 512.70599479618647365 0.76290487939187323629 0
1.4499999999999999556 -117.89513128620458815 506.78756751420155524 0.76305758914198484888 0
1.4599999999999999645 -115.8232418472067593 499.86953698343307906 0.7632339399246989009 0
1.4699999999999999734 -113.3410955365962991 492.45080030012934458 0.76338530644872359954 0
1.4799999999999999822 -110.52631112395343393 484.99323231001091017 0.76349040297418757639 0
1.4899999999999999911 -107.46855584433413355 477.83308088505697242 0.76357412565079507694 0
1.5 -104.25878137947266566 471.13874967766810187 0.76370172009194925433 0
1.5100000000000000089 -100.98009376078718446 464.93113745856879859 0.76394891261235209345 0
1.5200000000000000178 -97.703185746941002776 459.14662103942180238 0.76436919685608473163 0
1.5300000000000000266 -94.486579306567719527 453.70244356627875959 0.7649763126804446367 0
1.5400000000000000355 -91.379887690063725358 448.54046891316340862 0.76574404166432197272 0
1.5500000000000000444 -88.427518886152881805 443.64512582391000706 0.76661676376413878664 0
1.5600000000000000533 -85.670506257754709623 439.03451923579802951 0.76752198439250274298 0
1.5700000000000000622 -83.145425744193019568 434.72672824979906636 0.76838207779492984084 0
1.5800000000000000711 -80.881242852720049541 430.69307487210795671 0.76912769672522984798 0
1.5900000000000000799 -78.896417411835756184 426.82108086627727062 0.76971328455354404152 0
1.6000000000000000888 -77.19895559822901987 422.91413165508146221 0.77013430198298415963 0
1.6100000000000000977 -75.790494535319993474 418.74144636367816474 0.77043889167996149059 0
1.6200000000000001066 -74.672059331189089448 414.12347116017161852 0.77071648736021136639 0
1.6300000000000001155 -73.847520625260514748 409.01777009399307872 0.77105765060235587072 0
1.6400000000000001243 -73.323489245241333379 403.57409264935279225 0.77150623470948431759 0
1.6500000000000001332 -73.107408344592016647 398.14168902325803856 0.7720303976623095199 0
1.6600000000000001421 -73.205230955922047542 393.22285051047094839 0.77252225358427051294 0
1.6699999999999999289 -73.618764691794538635 389.37834602517216354 0.77282728010249457373 0
1.6799999999999999378 -74.343330240100939932 387.11011828259745471 0.7728015752083357004 0
1.6899999999999999467 -75.367190919066260335 386.76529285115412904 0.77237278546441423543 0
1.6999999999999999556 -76.673335699849261005 388.49732021622469347 0.77156368342691494799 0
1.7099999999999999645 -78.242784287092860041 392.28352625216763272 0.77046968707919305519 0
1.7199999999999999734 -80.057691713061572614 397.97169528197463251 0.76922033126160960226 0
1.7299999999999999822 -82.10203756026874089 405.32757977489586665 0.76794481787740531686 0
1.7399999999999999911 -84.358525630338760948 414.06324722716038877 0.76674445802587620769 0
1.75 -86.802857489983352934 423.84012910007879782 0.76567745583218038696 0
1.7600000000000000089 -89.398490594065933124 434.26053776186643063 0.76475855520773716734 0
1.7700000000000000178 -92.094397594415241315 444.86970257949883489 0.76397062923571501525 0
1.7800000000000000266 -94.826613207693412733 455.18048710107530042 0.76328295514325361637 0
1.7900000000000000355 -97.523258241523649303 464.71710132425079109 0.7626690135798614989 0
1.8000000000000000444 -100.11167071437161269 473.06375505413996052 0.76212075370658272089 0
1.8100000000000000533 -102.52511079508133207 479.90432165053795188 0.76165643642861013962 0
1.8200000000000000622 -104.70661482764002415 485.04616947530115567 0.7613139943793940656 0
1.8300000000000000711 -106.60927530509070493 488.42911506237015828 0.76113010188135021838 0
1.8400000000000000799 -108.19409019739534017 490.12295715898653725 0.76111920064828142429 0
1.8500000000000000888 -109.4272684832015301 490.31087280743059864 0.76126337702326007939 0
1.8600000000000000977 -110.27882270212901972 489.2568726453898762 0.76151468034098068749 0
1.8700000000000001066 -110.7238724328977213 487.2697706224159333 0.76180960218963644781 0
1.8800000000000001155 -110.74672489455151947 484.6757489889300814 0.76208997610003725853 0
1.8900000000000001243 -110.3459805718476332 481.79286916757411063 0.76232105151609663718 0
1.9000000000000001332 -109.53813095651902643 478.89821114209763664 0.76250208793591411904 0
1.9100000000000001421 -108.35761418589713401 476.19656970923330164 0.76266548728101946075 0
1.9199999999999999289 -106.85284838442778721 473.80698747330222886 0.76286183226995940565 0
1.9299999999999999378 -105.07995330171937098 471.7694188235866477 0.76313754475278328115 0
1.9399999999999999467 -103.09708085213641482 470.06094117190804127 0.76351807524181081188 0
1.9499999999999999556 -100.96140329582006245 468.61089485280740519 0.76400503689611998226 0
1.9599999999999999645 -98.728679401922647685 467.30774301286049877 0.76458602985516954664 0
1.9699999999999999734 -96.453666580599644931 465.99819086342478158 0.76524944352375234846 0
1.9799999999999999822 -94.189821933766495476 464.49407841515420614 0.76599275814971234944 0
1.9899999999999999911 -91.988228052143156788 462.60144892335665645 0.76681430329533573076 0
2 -89.896522626550364521 460.15987236576108899 0.76769628987609916937 0
2.0100000000000002309 -87.958343673807902974 457.06618019921802443 0.76860095755467294776 0
2.0200000000000000178 -86.21339201193168833 453.27743665599206224 0.76948455282075500783 0
2.0300000000000002487 -84.697886432770047804 448.80826886718529067 0.7703118975252264411 0
2.0400000000000000355 -83.445029226550900603 443.72962171135594645 0.77106020468425018333 0
2.0499999999999998224 -82.485072047847808108 438.16589418778443132 0.77171861137426944754 0
2.0600000000000000533 -81.844296125835782618 432.2915527141134362 0.77228743548745848457 0
2.0699999999999998401 -81.54261617247843219 426.32715638975872707 0.77277163394067582836 0
2.0800000000000000711 -81.590935904121366207 420.53077190907390559 0.77317224160285946688 0
2.0899999999999998579 -81.989757312761156527 415.18585303475060755 0.77348200677486356192 0
2.1000000000000000888 -82.729289185909308912 410.58924313551244722 0.77368021582608126341 0
2.1099999999999998757 -83.79054167545265841 407.03912233181409874 0.77372818084245553738 0
2.1200000000000001066 -85.147280646086272782 404.822662154281943 0.77357661781719755378 0
2.1299999999999998934 -86.768881743398324602 404.20365646533156223 0.77318416076698426309 0
2.1400000000000001243 -88.623554578311129148 405.40516504532308772 0.77253355688465452644 0
2.1499999999999999112 -90.680768211334537909 408.58240894150480926 0.77163562905986016194 0
2.1600000000000001421 -92.911747395727843468 413.79113493667387047 0.77052509686321102311 0
2.1699999999999999289 -95.287616884837419207 420.96012865538131109 0.76925926762223806321 0
2.1800000000000001599 -97.77546412418045918 429.86992255964509013 0.7679162403892938471 0
2.1899999999999999467 -100.33322615418542512 440.13900807333499188 0.76658274147919547303 0
2.2000000000000001776 -102.90511737062547581 451.22700255030633798 0.76533791146493534985 0
2.2099999999999999645 -105.4199123131539011 462.47020098315175574 0.7642437602146585629 0
2.2200000000000001954 -107.7941055563685353 473.16054883679368004 0.76334008658070506836 0
2.2299999999999999822 -109.9397178646533888 482.65480674791308502 0.7626389837639824254 0
2.2400000000000002132 -111.77343134399181679 490.46919235450650376 0.76212440517735080547 0
2.25 -113.22325146977642873 496.31860973852747065 0.76176326286577078495 0
2.2600000000000002309 -114.23120964728660454 500.10004617362801582 0.76152168545298415392 0
2.2700000000000000178 -114.75313065698742321 501.84818222451082192 0.76137517021595357836 0
2.2800000000000002487 -114.75764231709889884 501.69035446738160999 0.76131171590154744777 0
2.2900000000000000355 -114.22607566170299265 499.81763315274179149 0.7613301725508456741 0
2.3000000000000002665 -113.15357431246206943 496.47684299439390543 0.76142986998020711908 0
2.3100000000000000533 -111.55081408582580593 491.97264533164076283 0.76159587082502644417 0
2.3199999999999998401 -109.44546889027748193 486.65679355114980353 0.76179589017415805241 0
2.3300000000000000711 -106.88261362185340886 480.88756789721981022 0.76199736483320468228 0
2.3399999999999998579 -103.92339524491875125 474.97068944559259762 0.76219224248089945117 0
2.3500000000000000888 -100.64182054619180917 469.11679897204999179 0.76240435017668461981 0
2.3599999999999998757 -97.120376658703023054 463.43714957223022566 0.76267257126804366418 0
2.3700000000000001066 -93.445455432812693175 457.96673907000592862 0.76303085019949645762 0
2.3799999999999998934 -89.703003115015945923 452.69143813102482454 0.76350092340837527605 0
2.3900000000000001243 -85.974504514783802733 447.56620919570843853 0.76409404372136024985 0
2.3999999999999999112 -82.333742932061596775 442.52911456261500689 0.76481505009115791083 0
2.4100000000000001421 -78.844720481611147989 437.51991301318207661 0.76566332763910904813 0
2.4199999999999999289 -75.560277966701775654 432.49691453351493919 0.76662609379099455609 0
2.4300000000000001599 -72.520786238929190404 427.43889367197226647 0.76766971807011019635 0
2.4399999999999999467 -69.753272977096074214 422.33452380092069234 0.76874178448240282346 0
2.4500000000000001776 -67.272058333771980188 417.17412820158853037 0.76978568000470637411 0
2.4599999999999999645 -65.08148445184475861 411.95134447291565039 0.77075420008618933387 0
2.4700000000000001954 -63.180142690650463067 406.67336106253975458 0.77161361831895480812 0
2.4799999999999999822 -61.565389637508616261 401.37746272108341827 0.77234562502185744037 0
2.4900000000000002132 -60.237132294388167963 396.14923494598997422 0.77295286524971551501 0
2.5 -59.199845688332331406 391.13646361980363508 0.77345980511977840965 0
2.5100000000000002309 -58.461636267030790748 386.5555954388926807 0.77389911290665547305 0
2.5200000000000000178 -58.030186242990836831 382.68545310878431565 0.77428673843785056352 0
2.5300000000000002487 -57.907448215077486964 379.84195432435393514 0.7746021087255406945 0
2.5400000000000000355 -58.085855329826088678 378.33793989941852942 0.77478906950232773188 0
2.5500000000000002665 -58.547912162226289468 378.44379456348548274 0.7747751669708156097 0
2.5600000000000000533 -59.269552484624462352 380.36615080984120141 0.77449526547161273715 0
2.5699999999999998401 -60.226082353933307445 384.25073737918074812 0.77391208005458711483 0
2.5800000000000000711 -61.398357771293760266 390.198505605715809 0.77302834578049284264 0
2.5899999999999998579 -62.776728239298769552 398.27619794424930433 0.77188339681970485895 0
2.6000000000000000888 -64.361019919637584508 408.50537336866852911 0.77053827610022096462 0
2.6099999999999998757 -66.156226756717842363 420.82258788549262363 0.76906520710287995524 0
2.6200000000000001066 -68.165137333952998233 435.01964344793782402 0.76754871749603370557 0
2.6299999999999998934 -70.379739515919553128 450.69275860816924251 0.76608450192387056443 0
2.6400000000000001243 -72.773438237796838735 467.23582115164032302 0.76476165286746156102 0
2.6499999999999999112 -75.297123660962029135 483.89076503689841502 0.76363796255045113259 0
2.6600000000000001421 -77.881924162952074653 499.8356960398417641 0.76272945682731363437 0
2.6699999999999999289 -80.448067786004600066 514.28248389347811553 0.76202269610390716004 0
2.6800000000000001599 -82.915698323926378066 526.56672982521456561 0.76149871078480502185 0
2.6899999999999999467 -85.21345571183185541 536.21910989244815937 0.76114913118300153716 0
2.7000000000000001776 -87.282946588768481888 543.00424167985158874 0.76097749619299925872 0
2.7099999999999999645 -89.078969568123355316 546.91438109870250628 0.76099336958789887131 0
2.7200000000000001954 -90.566433652384375819 548.12327982867054743 0.76120535586100579462 0
2.7299999999999999822 -91.716192021105584331 546.93104817465041378 0.76161287076070161017 0
2.7400000000000002132 -92.502692663581584043 543.72960036858705735 0.76219922019314256811 0
2.75 -92.905183201564341289 538.98733109835438881 0.76293139607359550247 0
2.7600000000000002309 -92.911759908107910633 533.23090907847517883 0.76376651065195577672 0
2.7700000000000000178 -92.523808725598996716 527.00523678810623096 0.76466175777124378854 0
2.7800000000000002487 -91.758269727899687496 520.80880518745436802 0.76558567631214657911 0
2.7900000000000000355 -90.64635303718067405 515.02581272088434616 0.76652447968420678315 0
2.8000000000000002665 -89.229214847210698736 509.88331243634229395 0.76747807956342306568 0
2.8100000000000000533 -87.55256677793475717 505.43992115459110437 0.7684496647922400836 0
2.8199999999999998401 -85.662554788521092064 501.59494113254555714 0.7694370929789370317 0
2.8300000000000000711 -83.604429541884499599 498.11030730094984165 0.77043262738949658264 0
2.8399999999999998579 -81.423812625831772039 494.64610465943570716 0.77143196585644302488 0
2.8500000000000000888 -79.168878709813014893 490.81155124362499009 0.77244423844394927148 0
2.8599999999999998757 -76.891531635394869681 486.22954985612176415 0.77349150877823202865 0
2.8700000000000001066 -74.646637477395259452 480.60486622370484611 0.7745965948053606942 0
2.8799999999999998934 -72.489698494152548847 473.77731666315514758 0.77577040551192877338 0
2.8900000000000001243 -70.473929685126975642 465.74600220333235256 0.77700841233676565256 0
2.8999999999999999112 -68.647564856077451623 456.66614336591680967 0.77829304725210890492 0
2.9100000000000001421 -67.051814100356196491 446.82773723279274236 0.77959293377187355301 0
2.9199999999999999289 -65.719399250449853866 436.62273385472258269 0.78086110960001620107 0
2.9300000000000001599 -64.673500822812769684 426.5047534963919702 0.78204109321788373155 0
2.9399999999999999467 -63.927149021930944173 416.94753258294002762 0.7830778092374471866 0
2.9500000000000001776 -63.483114206175777383 408.40933012471180064 0.78392330766323681246 0
2.9599999999999999645 -63.334322194051310362 401.30408169054402379 0.78453316914518556047 0
2.9700000000000001954 -63.464959671526656848 395.97564990630405646 0.78485950541408067149 0
2.9799999999999999822 -63.852648150485840972 392.67658437255914805 0.78485367226386182349 0
2.9900000000000002132 -64.471774209705685621 391.55771902438914367 0.78448401700772341094 0
3 -65.29728000007440869 392.67300049423079145 0.78375694504840687227 0
3.0100000000000002309 -66.307631569604964739 395.99889244854506387 0.78272435212877111699 0
3.0200000000000000178 -67.485525042861240763 401.45981952830402406 0.78147114026409969512 0
3.0300000000000002487 -68.815643206828511325 408.946086181041494 0.78009226575572809814 0
3.0400000000000000355 -70.280492121814376105 418.31873021972404558 0.77867089157339586247 0
3.0500000000000002665 -71.856513767845044072 429.40639200414449306 0.7772590392476712573 0
3.0600000000000000533 -73.512328540006421917 441.99803439141430772 0.77586806163919186385 0
3.0700000000000002842 -75.209704239082043387 455.82927487692137447 0.77448090727566321068 0
3.0800000000000000711 -76.906359153925151872 470.56214109754785113 0.77307858290186814987 0
3.0899999999999998579 -78.558811767328649012 485.76608197931273025 0.77166372545730088639 0
3.1000000000000000888 -80.124127986094833886 500.91194213441252714 0.77027300378035568063 0
3.1099999999999998757 -81.560878280410662455 515.39001414463814399 0.76897447689754061528 0
3.1200000000000001066 -82.830142847245724624 528.55958251633433065 0.76784877180355659565 0
3.1299999999999998934 -83.896758575962309123 539.82678198227597477 0.76696366986692476875 0
3.1400000000000001243 -84.73029156178317578 548.73029180143407757 0.76635683318624725491 0
3.1499999999999999112 -85.305098802524611301 555.00132241357766816 0.76603079640023963304 0
3.1600000000000001421 -85.599283382148882993 558.57639212340802715 0.76595783744565748563 0
3.1699999999999999289 -85.593128143365277083 559.5735777521632599 0.7660914760961986536 0
3.1800000000000001599 -85.268285724267443015 558.25622036835659401 0.76637747212312101741 0
3.1899999999999999467 -84.608973300090809744 554.99379415038094976 0.76676201854129655278 0
3.2000000000000001776 -83.605460557139679167 550.21902452757990432 0.76719906794838532704 0
3.2099999999999999645 -82.258938762590446458 544.38284745595842651 0.7676575561216945065 0
3.2200000000000001954 -80.585761518204705567 537.91217183925618883 0.76813058458854754917 0
3.2299999999999999822 -78.618340389364433918 531.17703428619802253 0.76863793589953022245 0
3.2400000000000002132 -76.401594513563537703 524.46960993580228205 0.76920983925015196103 0
3.25 -73.987348865703921774 517.99113949233321819 0.76986407786161981104 0
3.2600000000000002309 -71.430181551146205265 511.84613304312597393 0.77059800412056811414 0
3.2700000000000000178 -68.786054985182431665 506.04771461334576088 0.77139742179960069102 0
3.2800000000000002487 -66.11281819579949115 500.53478432539213827 0.77224956902714281259 0
3.2900000000000000355 -63.470863669050260114 495.19870387864983741 0.77314922944043618092 0
3.3000000000000002665 -60.92245586073087793 489.91562413516908236 0.77409640796178758038 0
3.3100000000000000533 -58.529175534853671081 484.57652147930286901 0.77508924873989659687 0
3.3200000000000002842 -56.348337409241828766 479.1057826709813412 0.77611541121018934319 0
3.3300000000000000711 -54.430060767276756906 473.46343930638698794 0.77714907215767858872 0
3.3399999999999998579 -52.815587882324528834 467.63417334998172237 0.77816035040150866031 0
3.3500000000000000888 -51.53600259211555823 461.61694381229472128 0.77912965070793727129 0
3.3599999999999998757 -50.611099341630030324 455.42978285630937307 0.78005195082891898295 0
3.3700000000000001066 -50.049329463018700892 449.12864526976977686 0.7809304832334919011 0
3.3799999999999998934 -49.849214888176156535 442.82715445588780767 0.7817729428510298284 0
3.3900000000000001243 -50.00120632233382878 436.70627925470802211 0.78259154067594827175 0
3.3999999999999999112 -50.488520558223946466 431.00823083047907858 0.78339494008965182559 0
3.4100000000000001421 -51.286470560369139093 426.01587863803024447 0.78417255564907728527 0
3.4199999999999999289 -52.360997277742150402 422.0277784799696974 0.78487935132955966022 0
3.4300000000000001599 -53.667883190697082796 419.33563084181088243 0.78542327441295767265 0
3.4399999999999999467 -55.154596817616145188 418.1975892745664396 0.78566998613608729496 0
3.4499999999999997335 -56.765598306616098512 418.80161292635938253 0.78548350971219527139 0
3.4599999999999999645 -58.449721854428638323 421.23126002338585749 0.78478775927796395884 0
3.4699999999999997513 -60.167080414920818043 425.45634884775114415 0.78360744737888410327 0
3.4799999999999999822 -61.892872106823624279 431.35831648749018541 0.78206012808435154682 0
3.4899999999999997691 -63.616754575238907421 438.77675083195288153 0.78030986519556488901 0
3.5 -65.338723326739554409 447.55206960098024638 0.77851731719002503773 0
3.5099999999999997868 -67.063223982677570234 457.54640081210328617 0.77680412056394188003 0
3.5200000000000000178 -68.792571654406316384 468.63723022076089819 0.77523190807126385327 0
3.5299999999999998046 -70.520994488837104086 480.68751548172315324 0.77380200124356091074 0
3.5400000000000000355 -72.231328470624234228 493.50203980359890465 0.77247757738179201326 0
3.5499999999999998224 -73.895476563204667286 506.78576971525740191 0.77121685827669539393 0
3.5599999999999996092 -75.47786832783648947 520.12330972341669622 0.77000223454594074468 0
3.5699999999999998401 -76.939842433474609606 532.99105904021462266 0.76885197673221550296 0
3.579999999999999627 -78.242687368513173851 544.8017837539626953 0.76781002582605117901 0
3.5899999999999998579 -79.348650633768230023 554.97401915447107967 0.7669247296084643617 0
3.5999999999999996447 -80.221190240584235198 563.00861757225936799 0.76623152681974260325 0
3.6099999999999998757 -80.825986791834523615 568.54692798327494074 0.7657444397864864305 0
3.6199999999999996625 -81.133209768846356269 571.3987159722692013 0.76545533563205003791 0
3.6299999999999998934 -81.120289847551802609 571.54889490655466489 0.76534061743007197887 0
3.6399999999999996803 -80.773702696278192548 569.15072390170473682 0.76537122534297663545 0
3.6499999999999999112 -80.089001442393666252 564.50289963932050341 0.7655178090304848304 0
3.659999999999999698 -79.070108416968778897 558.0122298996044492 0.76575134079205375848 0
3.6699999999999999289 -77.729518862163303083 550.14919934028091575 0.76604869715876178216 0
3.6799999999999997158 -76.089444282580288359 541.40124733253321665 0.76640360304770793753 0
3.6899999999999999467 -74.182194287086446138 532.22830302228305754 0.76683265802527111887 0
3.6999999999999997335 -72.048599326751869398 523.02881334304959182 0.76736894243518116721 0
3.7099999999999999645 -69.734858227368846428 514.12538137830335927 0.76804345501806992047 0
3.7199999999999997513 -67.288930399511500013 505.77037700204010662 0.76886402743068527066 0
3.7299999999999999822 -64.757626301091576693 498.15960515731779878 0.76980396390489469471 0
3.7399999999999997691 -62.185441018527683354 491.44149057209511966 0.77080525994441329019 0
3.75 -59.61563235244365444 485.71719504697659886 0.77179553145142432147 0
3.7599999999999997868 -57.092902107763123354 481.03350241434037571 0.77271274888137264636 0
3.7700000000000000178 -54.665768801202233362 477.37490475652504074 0.77352299661355050642 0
3.7799999999999998046 -52.386609342240312515 474.66120637740311849 0.77421867963677426516 0
3.7900000000000000355 -50.309120029975929356 472.75007650227109934 0.77480386931986222621 0
3.7999999999999998224 -48.484690821341025924 471.44027973030540579 0.77528240651847213361 0
3.8099999999999996092 -46.959178644429947269 470.47680956474465575 0.7756530447941090145 0
3.8199999999999998401 -45.770808100442238242 469.56244366453995553 0.77591274746932448192 0
3.829999999999999627 -44.949440733770025247 468.37534587952757192 0.77607492795190946566 0
3.8399999999999998579 -44.51666505361828996 466.59565462135037706 0.77619252676928407464 0
3.8499999999999996447 -44.485209505121943607 463.95513515494434387 0.77635401926786895554 0
3.8599999999999998757 -44.856756467681762501 460.30815205289229652 0.77664298832156919428 0
3.8699999999999996625 -45.619001594954340817 455.68689804110931618 0.77708996062489876788 0
3.8799999999999998934 -46.743593557280448181 450.30695603266030957 0.77764582548402161333 0
3.8899999999999996803 -48.186359638065447086 444.52468743827989783 0.77818853598062742716 0
3.8999999999999999112 -49.89062152336308742 438.76293358864552374 0.77856069580503750593 0
3.909999999999999698 -51.79320396689053041 433.42711572710294377 0.77862256793636119845 0
3.9199999999999999289 -53.831696028073906746 428.84703480844393653 0.77829725998800702857 0
3.9299999999999997158 -55.951466328085835755 425.26580219830071883 0.7775865389617686585 0
3.9399999999999999467 -58.111178786034621169 422.8600680542988357 0.77655361295603053673 0
3.9499999999999997335 -60.285604084483850329 421.76241009956572725 0.77529287642332478381 0
3.9599999999999999645 -62.464764970746976758 422.07258323181525839 0.77390725549960515117 0
3.9699999999999997513 -64.649250807492805393 423.85904805003190177 0.7724924204700714947 0
3.9799999999999999822 -66.843033452149569484 427.15043599437848343 0.77111914101042644543 0
3.9899999999999997691 -69.046156943877974754 431.91125825518946613 0.76982089710961076889 0
4 -71.24914170259670243 438.00595539208745777 0.76860104481826674316 0
4.0099999999999997868 -73.429986327655470291 445.17204041120510283 0.76745544293795442403 0
4.0199999999999995737 -75.55417360310730146 453.02487704027720383 0.76638967082142372966 0
4.0299999999999993605 -77.577553474090819918 461.09931864734090823 0.76542011467977999484 0
4.0400000000000000355 -79.451200317592721944 468.91166153502319958 0.76456859777953167789 0
4.0499999999999998224 -81.12663941223196673 476.01924437708890991 0.76386119598210266979 0
4.0600000000000004974 -82.559632272044652268 482.06506525269060148 0.76332649846778755087 0
4.0700000000000002842 -83.711516983716848017 486.80264962435984444 0.7629859096151784259 0
4.0800000000000000711 -84.548622255178514706 490.09998169563993997 0.76284341773033403911 0
4.0899999999999998579 -85.041278130455665973 491.93002041563823923 0.7628819449823586174 0
4.0999999999999996447 -85.164168406564229485 492.35971618466243171 0.76306161461196087004 0
4.1099999999999994316 -84.899529549938876016 491.53763663568309994 0.76332345324636252659 0
4.1199999999999992184 -84.243151579207321333 489.66878675335505022 0.7636080686386637062 0
4.1299999999999998934 -83.210579205295971406 486.97713563820639138 0.76388368785904081637 0
4.1399999999999996803 -81.839869796456227391 483.67549230985400754 0.76416579826100450301 0
4.1500000000000003553 -80.188966082129709889 479.95408084062711396 0.76451343841711938421 0
4.1600000000000001421 -78.328606913699104553 475.97728267514440859 0.76500319708657193996 0
4.1699999999999999289 -76.333410554657177727 471.88048742846899586 0.76569722235231663099 0
4.1799999999999997158 -74.273690663872343976 467.77187233274202072 0.76661778800338797879 0
4.1899999999999995026 -72.209837817301135487 463.73666253786740299 0.76773398256193725597 0
4.1999999999999992895 -70.190247735668364726 459.83278524074972893 0.76896778410848187768 0
4.2099999999999999645 -68.252579925717569154 456.07775131001665159 0.77022025789877124335 0
4.2199999999999997513 -66.427060750360595875 452.43630764106256947 0.77140816853787441687 0
4.2300000000000004263 -64.740002065304238954 448.81685148902943183 0.77249504451149675344 0
4.2400000000000002132 -63.215784716841341151 445.08635451120818516 0.77349772438294650545 0
4.25 -61.876659959156590674 441.11219691385059605 0.77446423446059498019 0
4.2599999999999997868 -60.741512538791809561 436.8221982862125401 0.7754382928636651684 0
4.2699999999999995737 -59.825315842772226915 432.25692074484197747 0.77642834214905642742 0
4.2799999999999993605 -59.139626330394975184 427.59078391023149379 0.77739629247051467154 0
4.2900000000000000355 -58.693211673370463188 423.11541005328723486 0.77827167538111174938 0
4.2999999999999998224 -58.491938643065566339 419.19468382673755968 0.77897898003548537993 0
4.3100000000000004974 -58.537527531243661372 416.20908244925607278 0.77945873872253879089 0
4.3200000000000002842 -58.825601318801041373 414.50653814610637937 0.77967037585513876419 0
4.3300000000000000711 -59.344462566573355389 414.36917765475368469 0.77958262305758718735 0
4.3399999999999998579 -60.075978319189381693 415.99401083826268177 0.77917159971559424303 0
4.3499999999999996447 -60.998434896218704182 419.48261652987861225 0.77843329312076425808 0
4.3599999999999994316 -62.089847039018337682 424.84000836917931565 0.77739445856230449117 0
4.3699999999999992184 -63.330289704811747242 431.98234913644716926 0.77610990539286928147 0
4.3799999999999998934 -64.702782544405039289 440.74568446148452949 0.77465306007908996122 0
4.3899999999999996803 -66.192849281724718935 450.88939711574943203 0.77310916969824772238 0
4.4000000000000003553 -67.786726677332026725 462.10149984771840082 0.77156623244679034546 0
4.4100000000000001421 -69.468475660173766073 474.01400536137902009 0.77009759194352622735 0
4.4199999999999999289 -71.217275679773095476 486.22223115643703295 0.76874781217755883134 0
4.4299999999999997158 -73.006283284768585418 498.30167593302235218 0.76753576566901016154 0
4.4399999999999995026 -74.803297972958176842 509.82992508358267969 0.76646927308753143304 0
4.4499999999999992895 -76.57267692549949345 520.41836021398830781 0.76555523157030946901 0
4.4599999999999999645 -78.27770035040001062 529.74422962118353553 0.76480005798268790862 0
4.4699999999999997513 -79.88219831010802352 537.57518114009701549 0.76420608486451546693 0
4.4800000000000004263 -81.350471896790054416 543.78367819205266187 0.76376500229521704366 0
4.4900000000000002132 -82.645871110917099145 548.33990240281946171 0.76345103331854813344 0
4.5 -83.729497020744304336 551.2743592616038768 0.76322656378281406031 0
4.5099999999999997868 -84.560449368195932607 552.62662129616137463 0.76306106510446991553 0
4.5199999999999995737 -85.098030283668336438 552.41243040622089211 0.76294641580041477891 0
4.5299999999999993605 -85.30505485088183093 550.63261257901206136 0.76289564584894209442 0
4.5400000000000000355 -85.151207656500417897 547.32124963431658671 0.76292726915600206361 0
4.5499999999999998224 -84.616429438601031165 542.60168486246050179 0.76305070215970005609 0
4.5600000000000004974 -83.694671338769538238 536.7139201399625108 0.76326466038852169849 0
4.5700000000000002842 -82.396878599886946404 529.99899500625849669 0.76356383680826178662 0
4.5800000000000000711 -80.751055581769847436 522.84833516198546022 0.76394380233955039294 0
4.5899999999999998579 -78.79869971934493833 515.63807104061402242 0.76439953442839569941 0
4.5999999999999996447 -76.589167732201389072 508.67376298307971183 0.76491940119642798379 0
4.6099999999999994316 -74.174605795750622406 502.16041222968914326 0.76548131858188273036 0
4.6199999999999992184 -71.607386842160536844 496.19381352960721188 0.76605633853765275898 0
4.6299999999999998934 -68.940084246734514295 490.76605312331554387 0.7666195570270948334 0
4.6399999999999996803 -66.22663746640158422 485.78220986945586901 0.76716272880412750279 0
4.6500000000000003553 -63.523446490953240584 481.08371182896621576 0.76769831542506994371 0
4.6600000000000001421 -60.889414983371487722 476.47427332344864226 0.76825358129299492482 0
4.6699999999999999289 -58.384163481119365713 471.74993179529394638 0.76886275826854122428 0
4.6799999999999997158 -56.064938195897880746 466.73842808733951415 0.76955435853892739662 0
4.6899999999999995026 -53.98399339565737165 461.3438568564400839 0.77032989087489356361 0
4.6999999999999992895 -52.187502574528608079 455.57369965576481263 0.77114843534938937175 0
4.7099999999999999645 -50.715532798700841965 449.52714021895326368 0.77193519468694515862 0
4.7199999999999997513 -49.602031120100058104 443.35069507249983189 0.7726134612847379568 0
4.7300000000000004263 -48.873959640508928715 437.18652585496772645 0.77313852649742675904 0
4.7400000000000002132 -48.549405712495129706 431.13908101651122706 0.77351254971103733382 0
4.75 -48.635449104908538231 425.2757087273473644 0.77377655204218787066 0
4.7599999999999997868 -49.12678951536150862 419.65815578545766584 0.77398675596349408856 0
4.7699999999999995737 -50.005439966344283675 414.38471736591031913 0.7741842906839444538 0
4.7799999999999993605 -51.24143329600457264 409.61975950464216112 0.77437017689974618762 0
4.7900000000000000355 -52.794791585187127225 405.59623142990682254 0.7744992889097569444 0
4.7999999999999998224 -54.618809167863808796 402.59323526701348328 0.77449669408794841186 0
4.8100000000000004974 -56.664112693485392924 400.90449648733380172 0.77428721641575859458 0
4.8200000000000002842 -58.882857699950250208 400.80922210705296038 0.77382352753264582734 0
4.8300000000000000711 -61.232297078982433902 402.54376578819272936 0.77309672750388236384 0
4.8399999999999998579 -63.676776181206342642 406.2708713290810465 0.77212606465723965243 0
4.8499999999999996447 -66.187658378203764187 412.04824014309190261 0.77094519564160990388 0
4.8599999999999994316 -68.74115246910400856 419.79819814716597648 0.76960016337127679087 0
4.8699999999999992184 -71.31435347614402076 429.28048226561776346 0.76815333096096194421 0
4.8799999999999998934 -73.880590593884619466 440.07559326723918502 0.76668244409004771001 0
4.8899999999999996803 -76.405567427102184297 451.59204255796879579 0.765271958878682379 0
4.9000000000000003553 -78.845511369382933253 463.11047740959986641 0.763998471911831456 0
4.9100000000000001421 -81.148250932448590333 473.86601140580643232 0.76291698693210496796 0
4.9199999999999999289 -83.257450822480379315 483.15206753747895618 0.76205591314585097162 0
4.9299999999999997158 -85.118805346241430243 490.41777804174711264 0.76142122683434287911 0
4.9399999999999995026 -86.685651614071133508 495.33251428334864386 0.76100306843668075185 0
4.9500000000000001776 -87.921707643697388335 497.80197298860139199 0.76078061312793865412 0
4.9599999999999999645 -88.80051304027641379 497.93799709594401293 0.76072687571807873219 0
4.9699999999999997513 -89.303005098054271116 496.0032871849566618 0.76081260722561316889 0
4.9799999999999995381 -89.415481770469313005 492.35747496867350037 0.76100612158224778536 0
4.9900000000000002132 -89.12988342417688159 487.41731689255954052 0.7612714069643804482 0
5 -88.446835689059227548 481.62506728476046192 0.76156871064856301867 0
5.0099999999999997868 -87.379992251196995312 475.4149582447939224 0.76186037689440055942 0
5.0199999999999995737 -85.959441782911142127 469.17850959125303234 0.76212356422504501374 0
5.0299999999999993605 -84.232506900819771545 463.23694100028455978 0.76236281140820671975 0
5.0400000000000000355 -82.261130424591726751 457.82574041606653736 0.76261106374774090266 0
5.0499999999999998224 -80.116029784650791612 453.08823178407220666 0.76291852059027109867 0
5.0599999999999996092 -77.869107288153131208 449.0748531231341758 0.76333651807107472109 0
5.0700000000000002842 -75.586631933545788797 445.75455038339458724 0.76390078553164253439 0
5.0800000000000000711 -73.325428636340021171 443.04181871421315009 0.76461735178881851116 0
5.0899999999999998579 -71.13250061940867397 440.82714137287734957 0.76545745669800679956 0
5.0999999999999996447 -69.046647474413873624 438.99583612498605589 0.76636785561781595177 0
5.1099999999999994316 -67.100320520900254451 437.43128920114412495 0.76729366693565126401 0
5.1200000000000001066 -65.320793733384476809 436.00808721811995383 0.76819938200620441204 0
5.1299999999999998934 -63.730498799867071114 434.58797007037532012 0.76907547265910169987 0
5.1399999999999996803 -62.346848526181169348 433.03265617745023519 0.7699297655922142658 0
5.1500000000000003553 -61.182142184034674415 431.2332879254048521 0.77077090020301342044 0
5.1600000000000001421 -60.243912061714041783 429.1411540915918863 0.77159282829055342301 0
5.1699999999999999289 -59.53565133008189747 426.78720758226523913 0.77236962001773257214 0
5.1799999999999997158 -59.057910963002761662 424.28715310946103045 0.77306416777441988586 0
5.1899999999999995026 -58.809710678598129618 421.83101164505302449 0.77364192653862595694 0
5.2000000000000001776 -58.789531865773909658 419.65781610833772675 0.77408045285468074503 0
5.2099999999999999645 -58.994841335460570519 418.02175235332947523 0.77437265513084219126 0
5.2199999999999997513 -59.419918555023691908 417.16178938948888799 0.77452198577128072987 0
5.2299999999999995381 -60.05315216016784774 417.28486771136857669 0.7745305612322893607 0
5.2400000000000002132 -60.875700412452530941 418.56227756880889501 0.77438828767139000764 0
5.25 -61.862753539745170883 421.13387955412940755 0.77407105650307506117 0
5.2599999999999997868 -62.987281080828040558 425.11545693035196791 0.77354818230165423021 0
5.2699999999999995737 -64.225029746073431625 430.59991315573375914 0.77279499278121310812 0
5.2799999999999993605 -65.558832327947698104 437.64044322972023338 0.77180739941621046007 0
5.2900000000000000355 -66.980059288827447972 446.21273457697549247 0.77061445295802943889 0
5.2999999999999998224 -68.485893468653173954 456.16802916910660315 0.76928208627823546628 0
5.3099999999999996092 -70.073239425204647546 467.19771186954375253 0.76790181685664904432 0
5.3200000000000002842 -71.732009981348483052 478.82814179025945123 0.76656758159761917426 0
5.3300000000000000711 -73.44089497282702439 490.45627527546054125 0.7653550738847293422 0
5.3399999999999998579 -75.167607466643190151 501.42314393690043062 0.76431468472577823725 0
5.3499999999999996447 -76.873182267804722301 511.10612874176240439 0.76347407537013278755 0
5.3599999999999994316 -78.5174813075686302 519.00633907464680306 0.76284199043002598462 0
5.3700000000000001066 -80.063064763478408281 524.81395987942175907 0.76241183726686767574 0
5.3799999999999998934 -81.476582371662487958 528.43780188690948307 0.76216406315084039846 0
5.3899999999999996803 -82.728390716463266585 529.98904466931719526 0.76206644189074290718 0
5.4000000000000003553 -83.791403272566398641 529.72183545480481826 0.76207575358600032622 0
5.4100000000000001421 -84.639881790214190005 527.94919532163282838 0.7621437746974573102 0
5.4199999999999999289 -85.248845350570164214 524.96249178996743012 0.76222857944535293839 0
5.4299999999999997158 -85.595022718757078906 520.98197266026738816 0.76230715100100110426 0
5.4399999999999995026 -85.659817762913746719 516.15718732331708907 0.76238140030822221238 0
5.4500000000000001776 -85.433556694062303905 510.61670177039553664 0.76247382556813347865 0
5.4599999999999999645 -84.919546931900626419 504.53346445061816894 0.76261371215358286779 0
5.4699999999999997513 -84.136208420210351733 498.15748988260065744 0.76282251591746896846 0
5.4799999999999995381 -83.115623568537600363 491.79649024424099935 0.76310890479934134767 0
5.4900000000000002132 -81.898431635800292838 485.76330911873554896 0.76347129389831602797 0
5.5 -80.527179051151065892 480.32080313688157958 0.76389993546707479766 0
5.5099999999999997868 -79.040795218710897529 475.64635976158933772 0.764378805362816105 0
5.5199999999999995737 -77.471890099005733532 471.82437634872621857 0.76489033151521879095 0
5.5299999999999993605 -75.847121297561955089 468.8636798660347722 0.76542040874580730137 0
5.5400000000000000355 -74.189342096750564792 466.73032813838153743 0.76595869039706210302 0
5.5499999999999998224 -72.519517904018854892 465.38062305970930765 0.7664936288892242322 0
5.5599999999999996092 -70.857199983879482375 464.77852581243467966 0.76700867638589775854 0
5.5700000000000002842 -69.219792813026586487 464.89243411834308972 0.76748363978715272715 0
5.5800000000000000711 -67.621492275481301704 465.68023520312755181 0.76789891812030763862 0
5.5899999999999998579 -66.07248578271479289 467.07711986783806424 0.76823902333550531107 0
5.5999999999999996447 -64.578899381320653106 468.99431006089133689 0.76849156825152797889 0
5.6099999999999994316 -63.143928139691809065 471.32585294807751097 0.7686436761555309749 0
5.6200000000000001066 -61.769751446346980117 473.95614681028109771 0.76868244543503982946 0
5.6299999999999998934 -60.459217294121586406 476.76311088340270317 0.76860143986247253522 0
5.6399999999999996803 -59.216748036894081508 479.61532264146035232 0.76841014014384589892 0
5.6500000000000003553 -58.04828368913196357 482.36526734146264062 0.76814018286311835926 0
5.6600000000000001421 -56.959959422785736649 484.84688042090641602 0.76784220553417092958 0
5.6699999999999999289 -55.955869338668030366 486.88732866228593821 0.76757191835253457679 0
5.6799999999999997158 -55.036185252706204096 488.33264548394600979 0.76737115784902187876 0
5.6899999999999995026 -54.196396655837901335 489.07686544656496608 0.76725578491786705637 0
5.7000000000000001776 -53.427462671531714022 489.08478991971293226 0.76721465965464585857 0
5.7099999999999999645 -52.716634712393812379 488.39752869790982004 0.76721241660275718566 0
5.7199999999999997513 -52.048738594514112776 487.11109532446982939 0.76719696299714112975 0
5.7299999999999995381 -51.407534674510358741 485.33416185006973365 0.76711590529225504032 0
5.7400000000000002132 -50.777045894476046328 483.14517680392782495 0.76693320721329449885 0
5.75 -50.142920472794365594 480.56595360282886986 0.76663962243137939723 0
