0 0.1444241611358477
0.01 0.1425629709765985
0.02 0.1403124861124274
0.03 0.1376507800374389
0.04 0.1345901890422283
0.05 0.131169279126067
0.06 0.1274348885087884
0.07000000000000001 0.1234261796957812
0.08 0.1191715481526661
0.09 0.1146928650900856
0.1 0.1100079774975784
0.11 0.1051314661773768
0.12 0.1000767871375148
0.13 0.09485968252945387
0.14 0.0894987621549701
0.15 0.08401578690143019
0.16 0.07844325632289806
0.17 0.07283396924260632
0.18 0.0672624339844452
0.19 0.06181901980664239
0.2 0.05660025858933437
0.21 0.05169486169490245
0.22 0.04717022287075512
0.23 0.04306995127911861
0.24 0.03942284856488687
0.25 0.0362522125139737
0.26 0.03358066428492723
0.27 0.03143135576820733
0.28 0.02982337559745485
0.29 0.02876527517386229
0.3 0.02825536728384836
0.31 0.02828731019923403
0.32 0.02885299477612513
0.33 0.02994173956881774
0.34 0.03154226676862137
0.35 0.03364932231042239
0.36 0.0362650026491167
0.37 0.03938969043515517
0.38 0.0430137498356622
0.39 0.04711474410721017
0.4 0.05165346748243493
0.41 0.05657366982558898
0.42 0.06181215513958183
0.43 0.06730853107379353
0.44 0.07300434249751131
0.45 0.07883637858729475
0.46 0.08473148637361572
0.47 0.09060511846490638
0.48 0.09636537418737667
0.49 0.1019221910767794
0.5 0.1071943690255921
0.51 0.1121083942563086
0.52 0.1165953944357021
0.53 0.1205947838278671
0.54 0.1240627125881479
0.55 0.1269819655022664
0.5600000000000001 0.1293705157645864
0.5700000000000001 0.1312814447194413
0.58 0.1327932131442182
0.59 0.133997171090078
0.6 0.1349879360426476
0.61 0.1358610982654431
0.62 0.1367163100754443
0.63 0.137652850550654
0.64 0.1387513055365908
0.65 0.1400508034266652
0.66 0.141535285963843
0.67 0.143137654560757
0.68 0.1447604482975944
0.6900000000000001 0.1463054858062476
0.7000000000000001 0.1477043124192621
0.71 0.1489379610696551
0.72 0.1500373442159075
0.73 0.1510661497991546
0.74 0.1520954816914672
0.75 0.153182036862904
0.76 0.15435971819167
0.77 0.1556428389532858
0.78 0.1570289347022422
0.79 0.1584957001204206
0.8 0.1599967633842967
0.8100000000000001 0.161461439951208
0.8200000000000001 0.1627990668737169
0.8300000000000001 0.1639079694807446
0.84 0.1646897795049851
0.85 0.1650638497807311
0.86 0.164975075592789
0.87 0.1643961206100695
0.88 0.1633259529160025
0.89 0.1617845973653838
0.9 0.1598059546700288
0.91 0.1574290486179866
0.92 0.1546895190524484
0.93 0.1516159731138087
0.9400000000000001 0.148230989280858
0.9500000000000001 0.1445514288641112
0.96 0.1405854776946445
0.97 0.136333297624855
0.98 0.1317963600752927
0.99 0.1269898524666733
1 0.1219567788898521
1.01 0.11678392838785
1.02 0.1116060895586006
1.03 0.1065852845861235
1.04 0.1018719039574982
1.05 0.09756871185104377
1.06 0.09371431319537571
1.07 0.0902883636912355
1.08 0.08723085628250615
1.09 0.08446600715226804
1.1 0.08192268268478653
1.11 0.07954702972207173
1.12 0.07730786525505629
1.13 0.07519845570407568
1.14 0.07323651671401699
1.15 0.07146083999017261
1.16 0.06992614400507513
1.17 0.06870155129865729
1.18 0.06787316382349751
1.19 0.06754357672612876
1.2 0.06782093115206855
1.21 0.06879783813059159
1.22 0.07052873149576655
1.23 0.07301634308726257
1.24 0.07621319334354304
1.25 0.08003600438237335
1.26 0.0843829504091147
1.27 0.08914213886796496
1.28 0.09419159974946911
1.29 0.09940097274629345
1.3 0.1046380096330495
1.31 0.1097770849429551
1.32 0.1147105518634497
1.33 0.1193592565616841
1.34 0.1236723536187521
1.35 0.1276158276667472
1.36 0.1311591008001534
1.37 0.1342674415830585
1.38 0.1369034910745146
1.39 0.1390372160204096
1.4 0.1406606651712261
1.41 0.1418019643832498
1.42 0.1425296173526647
1.43 0.1429415902393902
1.44 0.1431470451292389
1.45 0.1432522997886023
1.46 0.1433499107013452
1.47 0.1435076915307381
1.48 0.1437627626060705
1.49 0.1441229772349626
1.5 0.1445754249226718
1.51 0.1450999122226087
1.52 0.1456793788269399
1.53 0.1463008239891606
1.54 0.1469441228326085
1.55 0.1475648899719335
1.56 0.1480881219448174
1.57 0.148418855155124
1.58 0.1484639052075067
1.59 0.1481610289978166
1.6 0.1475059662433074
1.61 0.1465631417495805
1.62 0.1454570065463061
1.63 0.1443489648417415
1.64 0.1434044734165747
1.65 0.1427600324143956
1.66 0.1425044882558106
1.67 0.1426772296689176
1.68 0.1432725898865597
1.69 0.1442434261634968
1.7 0.1455027822495403
1.71 0.1469248791719737
1.72 0.1483543877632671
1.73 0.1496329721020988
1.74 0.1506342659738387
1.75 0.1512852279644283
1.76 0.1515619373435761
1.77 0.1514670501980264
1.78 0.1510063372899229
1.79 0.1501776408978346
1.8 0.1489717064911735
1.81 0.1473779901644328
1.82 0.1453918460339612
1.83 0.1430217603993578
1.84 0.1402962037118884
1.85 0.1372654812711014
1.86 0.1339924500047047
1.87 0.1305412637057399
1.88 0.1269790181951373
1.89 0.1233834047671634
1.9 0.119839607094014
1.91 0.1164255216919994
1.92 0.1131926602132181
1.93 0.1101482464394712
1.94 0.1072494096970358
1.95 0.1044196437807878
1.96 0.1015808454784688
1.97 0.09868402530838871
1.98 0.09573051890940132
1.99 0.09278233618000797
2 0.08995497668036379
2.01 0.08739042435835742
2.02 0.08522330431537739
2.03 0.08355781221535885
2.04 0.0824656774301431
2.05 0.08200239085000671
2.06 0.08222815268147876
2.07 0.08321775391367403
2.08 0.08505006840907914
2.09 0.08778083896738398
2.1 0.09141171129863057
2.11 0.09587079463658377
2.12 0.101014976636125
2.13 0.1066549947190056
2.14 0.1125967869066384
2.15 0.1186778531737929
2.16 0.1247746755693955
2.17 0.1307860512509036
2.18 0.1366162666509059
2.19 0.1421726586413037
2.2 0.1473780682290373
2.21 0.1521855045090721
2.22 0.1565809820796673
2.23 0.160575872789841
2.24 0.1641974076149486
2.25 0.1674797336059974
2.26 0.1704536059251698
2.27 0.1731369802926119
2.28 0.1755339860223675
2.29 0.1776451501744063
2.3 0.1794828998981828
2.31 0.1810815327696833
2.32 0.1824937563786362
2.33 0.1837761487452996
2.34 0.1849738369743967
2.35 0.1861137667633299
2.36 0.1872075912289404
2.37 0.1882588778144054
2.38 0.1892689743616138
2.39 0.1902377265499515
2.4 0.1911601677911712
2.41 0.1920214730457177
2.42 0.1927904765388417
2.43 0.1934178857465261
2.44 0.1938453204972861
2.45 0.1940221270446898
2.46 0.1939257257403639
2.47 0.1935820857417943
2.48 0.1930787914302288
2.49 0.1925626757767525
2.5 0.1922201128835983
2.51 0.1922436511138592
2.52 0.1927925469700549
2.53 0.1939595476916329
2.54 0.1957543051605048
2.55 0.1981051452298184
2.56 0.2008748033761547
2.57 0.2038848288456689
2.58 0.2069448258617665
2.59 0.2098819812797199
2.6 0.2125632501399846
2.61 0.2149012408436946
2.62 0.2168428695547968
2.63 0.218353302647504
2.64 0.2194073365337958
2.65 0.219989211860022
2.66 0.2200967274677943
2.67 0.2197450285905589
2.68 0.2189666432971835
2.69 0.2178049905355524
2.7 0.2163001751513693
2.71 0.2144744016267834
2.72 0.2123265893384687
2.73 0.2098390018844425
2.74 0.206992247190783
2.75 0.2037790130626682
2.76 0.2002101000843535
2.77 0.1963113951347077
2.78 0.1921147891151822
2.79 0.1876553182994432
2.8 0.182976994775581
2.81 0.1781367807538441
2.82 0.1732040689219652
2.83 0.1682524248331827
2.84 0.1633405090628379
2.85 0.1584966863820645
2.86 0.1537216457632615
2.87 0.1490071351259132
2.88 0.1443627302659189
2.89 0.1398369607455567
2.9 0.135520603248831
2.91 0.1315382574841673
2.92 0.1280396138568936
2.93 0.125191820465524
2.94 0.1231727922722614
2.95 0.1221608654876531
2.96 0.1223097793068764
2.97 0.1237128405203123
2.98 0.126377230621741
2.99 0.1302221813190467
3 0.1350974445623212
3.01 0.1408105726240079
3.02 0.1471558746080115
3.03 0.1539386475323195
3.04 0.1609848187968916
3.05 0.168140573336264
3.06 0.1752763536502311
3.07 0.1822952639305839
3.08 0.189138916171177
3.09 0.1957860902175845
3.1 0.2022422541106526
3.11 0.2085280488329317
3.12 0.2146704704106854
3.13 0.2206908408633694
3.14 0.2265936164104865
3.15 0.2323625396798761
3.16 0.2379608846542958
3.17 0.2433336560758139
3.18 0.2484144022045083
3.19 0.2531351091040266
3.2 0.257432388482318
3.21 0.2612460697722261
3.22 0.2645133877485009
3.23 0.2671694297522809
3.24 0.2691644770383057
3.25 0.2704916818308005
3.26 0.2712005989047066
3.27 0.2713840594664623
3.28 0.2711529767391481
3.29 0.2706129968925461
3.3 0.2698449524912796
3.31 0.2688932812042468
3.32 0.2677650199385901
3.33 0.2664374897078368
3.34 0.2648714788491393
3.35 0.2630250130186482
3.36 0.2608620482263877
3.37 0.2583530809285639
3.38 0.2554787865802366
3.39 0.2522527749445507
3.4 0.2487548680182758
3.41 0.2451461948812845
3.42 0.241649644016003
3.43 0.2385027751305788
3.44 0.2359043847586788
3.45 0.2339784168296308
3.46 0.2327684800701606
3.47 0.2322552155560222
3.48 0.2323754034491206
3.49 0.2330319523987869
3.5 0.234098073525228
3.51 0.2354221567210484
3.52 0.2368369657979823
3.53 0.2381705955724751
3.54 0.2392579031743765
3.55 0.2399506889943064
3.56 0.2401232351205955
3.57 0.2396802732118983
3.58 0.2385704526105172
3.59 0.236790932834233
3.6 0.2343748799856753
3.61 0.2313722591525176
3.62 0.2278351817731865
3.63 0.2238112796174461
3.64 0.2193468666805263
3.65 0.2144960959018807
3.66 0.2093292099481836
3.67 0.2039381569367844
3.68 0.1984345914922248
3.69 0.1929382474747081
3.7 0.1875664867987501
3.71 0.1824294733376757
3.72 0.1776234185402643
3.73 0.1732183954922624
3.74 0.1692427208106881
3.75 0.1656702995733852
3.76 0.1624239773035585
3.77 0.1594003954786443
3.78 0.1565047900626642
3.79 0.1536786128915386
3.8 0.1509081740142513
3.81 0.1482114498224396
3.82 0.1456144712491927
3.83 0.1431390970893531
3.84 0.1408147765991785
3.85 0.1387066958490646
3.86 0.1369388645540459
3.87 0.1356906421221717
3.88 0.1351608466020711
3.89 0.1355144621181177
3.9 0.1368373934484115
3.91 0.139119811047995
3.92 0.1422714489018233
3.93 0.1461513916547732
3.94 0.1505919329159084
3.95 0.1554150403804275
3.96 0.1604482923089785
3.97 0.1655373694047544
3.98 0.1705526361802239
3.99 0.1753936335214554
4 0.1799895394576474
4.01 0.1842957801811043
4.02 0.1882941160123446
4.03 0.1919917271988671
4.04 0.1954114670039271
4.050000000000001 0.1985801089309192
4.06 0.2015222799950731
4.07 0.2042607346183658
4.08 0.2068234401188613
4.09 0.2092525393490279
4.1 0.211604351251105
4.11 0.2139383069422944
4.12 0.2163009077064402
4.13 0.2187104669080808
4.140000000000001 0.2211518392960121
4.15 0.2235881088386327
4.16 0.2259826435829835
4.17 0.2283134223438799
4.18 0.2305673237380175
4.19 0.2327226148091297
4.2 0.2347331836333586
4.21 0.2365198466540264
4.220000000000001 0.2379770079091088
4.23 0.2390022271974352
4.24 0.239535520933468
4.25 0.2395790976444472
4.26 0.2391862211977367
4.27 0.2384375207972642
4.28 0.2374229086085435
4.29 0.2362344839935862
4.300000000000001 0.2349718457864496
4.31 0.2337496436564681
4.32 0.2326901344617864
4.33 0.2318986100006466
4.34 0.2314359108949393
4.35 0.2313030651932779
4.36 0.2314449003267871
4.37 0.2317701663850382
4.38 0.2321755346363403
4.390000000000001 0.232557888191864
4.4 0.2328130829610204
4.41 0.2328336997582294
4.42 0.2325143604835915
4.43 0.2317615834825251
4.44 0.2305034328801074
4.45 0.2286966922605957
4.46 0.2263285898989027
4.470000000000001 0.2234127085293327
4.48 0.2199822603903394
4.49 0.2160842854360139
4.5 0.2117760311970969
4.51 0.2071207198388354
4.52 0.2021812369958349
4.53 0.1970155243240796
4.54 0.1916785867751551
4.55 0.186230623454076
4.56 0.1807435493194323
4.57 0.1753005341399128
4.58 0.1699909050059976
4.59 0.1649010852374149
4.600000000000001 0.1601005063405152
4.61 0.1556265323992303
4.62 0.1514731472325765
4.63 0.1475894856811308
4.640000000000001 0.1438943816207408
4.65 0.1403025792627428
4.66 0.136751597800016
4.67 0.1332209270201794
4.68 0.1297369349085375
4.69 0.1263603671608653
4.7 0.1231643476783457
4.71 0.120216567890342
4.720000000000001 0.1175737651630078
4.73 0.1152925708262247
4.74 0.1134514460554135
4.75 0.1121630706730707
4.76 0.1115613649194653
4.77 0.1117688102796688
4.78 0.1128634409472768
4.79 0.1148617556267171
4.8 0.1177176901656196
4.81 0.1213300442615539
4.82 0.1255573497032234
4.83 0.1302387100860161
4.84 0.1352135331932605
4.850000000000001 0.1403362954155085
4.86 0.1454859264375026
4.87 0.1505673668611118
4.88 0.1555077516761569
4.890000000000001 0.1602547406367902
4.9 0.1647755264851183
4.91 0.1690521961930962
4.92 0.173077328216765
4.93 0.1768503217570574
4.94 0.1803699609055727
4.95 0.1836282348220788
4.96 0.1866135878632518
4.970000000000001 0.1893213353803924
4.98 0.1917653206101688
4.99 0.193986957202898
5 0.196057567000647
5.01 0.1980703448277099
5.02 0.2001208097536287
5.03 0.2022828645281578
5.04 0.2045931829998979
5.05 0.2070488407207982
5.06 0.2096155745402362
5.07 0.212242232645603
5.08 0.2148714155795988
5.09 0.2174370141861388
5.100000000000001 0.2198523101830983
5.11 0.2220027974396377
5.12 0.2237561182625214
5.13 0.2249881370448614
5.140000000000001 0.2256109907071648
5.15 0.2255886523551007
5.16 0.2249357527747895
5.17 0.2237070125951881
5.180000000000001 0.2219897023377975
5.19 0.2199042290190993
5.2 0.2176025691140548
5.21 0.215251023640481
5.220000000000001 0.2129987950651815
5.23 0.2109462317241215
5.24 0.2091257619655886
5.25 0.2075024525861444
5.26 0.205993767348037
5.27 0.2044986854527391
5.28 0.2029222615175454
5.29 0.2011880881849688
5.3 0.1992398198494589
5.31 0.1970396168780661
5.32 0.1945720617289686
5.33 0.1918512702430419
5.34 0.1889235226167134
5.350000000000001 0.1858659391998652
5.36 0.1827829032696426
5.37 0.179796050089843
5.38 0.177024460933727
5.390000000000001 0.1745601260241738
5.4 0.1724520973192263
5.41 0.1707074852071964
5.42 0.1693052353314908
5.430000000000001 0.1682136700103012
5.44 0.1674022501317403
5.45 0.1668413638561299
5.46 0.1664935722266918
5.470000000000001 0.1663074946773975
5.48 0.1662209578114613
5.49 0.1661719482573512
