0 2.967528652739958
0.01 2.96021220505407
0.02 2.956223138396308
0.03 2.955244948457134
0.04 2.95674671509401
0.05 2.960044324485667
0.06 2.964408454691446
0.07000000000000001 2.969156786221478
0.08 2.973714627052894
0.09 2.97764402226003
0.1 2.980646965299881
0.11 2.982551583539608
0.12 2.98328843682424
0.13 2.982866798866172
0.14 2.981360376665427
0.15 2.978898022343549
0.16 2.975647297530302
0.17 2.971794442331277
0.18 2.9675309318894
0.19 2.963041624489813
0.2 2.95849357110567
0.21 2.954040264705739
0.22 2.949835653022816
0.23 2.946035593303923
0.24 2.942793994135825
0.25 2.940269461261107
0.26 2.938625465813204
0.27 2.938008818200379
0.28 2.938519239164719
0.29 2.940180824337181
0.3 2.942922671724621
0.31 2.946584246896039
0.32 2.950948454125444
0.33 2.955788420440442
0.34 2.960910861389208
0.35 2.966178032082203
0.36 2.971506746588237
0.37 2.97686220379421
0.38 2.982253715690439
0.39 2.987729296006012
0.4 2.993364249509546
0.41 2.999238643677393
0.42 3.005413539686204
0.43 3.011916560719012
0.44 3.018735781343188
0.45 3.025817214811322
0.46 3.033062407699031
0.47 3.040332378031969
0.48 3.047457170369094
0.49 3.054243922974853
0.5 3.060486833396033
0.51 3.065976752537282
0.52 3.070510921456887
0.53 3.073911785461595
0.54 3.076043855278896
0.55 3.076811331461769
0.5600000000000001 3.076145331672329
0.5700000000000001 3.073998458338608
0.58 3.070349464350548
0.59 3.065217462835945
0.6 3.058685827423819
0.61 3.050920952208969
0.62 3.04217008154058
0.63 3.032745636949344
0.64 3.023004543419537
0.65 3.013324044339033
0.66 3.004077931562162
0.67 2.995610312970442
0.68 2.988218658701562
0.6900000000000001 2.982148285228671
0.7000000000000001 2.977568745916813
0.71 2.974541356643793
0.72 2.973017547580361
0.73 2.972874540739087
0.74 2.973962923864392
0.75 2.976129962856949
0.76 2.979213325711145
0.77 2.983035263545526
0.78 2.987406077398565
0.79 2.992129429289115
0.8 2.997021236815085
0.8100000000000001 3.00193668469829
0.8200000000000001 3.006779100916037
0.8300000000000001 3.011498622572002
0.84 3.016090886961296
0.85 3.020580366390203
0.86 3.025004616642143
0.87 3.029419611335781
0.88 3.033898799981356
0.89 3.038514811770758
0.9 3.043329222786725
0.91 3.04838598356598
0.92 3.053686378356918
0.93 3.059163222992753
0.9400000000000001 3.064684376181933
0.9500000000000001 3.070079733320939
0.96 3.075164212594937
0.97 3.079739587375499
0.98 3.083588520968539
0.99 3.086487491261034
1 3.088234422606768
1.01 3.08866748129716
1.02 3.087672239636271
1.03 3.085190515704206
1.04 3.081233836908631
1.05 3.075890170098353
1.06 3.069324447256927
1.07 3.06178449699451
1.08 3.053596187139362
1.09 3.04512849786739
1.1 3.036751125137502
1.11 3.028804173956796
1.12 3.021571468586892
1.13 3.015259606900731
1.14 3.009990460998646
1.15 3.005806108134099
1.16 3.002690852238691
1.17 3.00061312043273
1.18 2.999572104582835
1.19 2.9996171974093
1.2 3.000821037518512
1.21 3.003233218871054
1.22 3.006852155261509
1.23 3.01161552638297
1.24 3.01739677509728
1.25 3.02401299387411
1.26 3.03125272114052
1.27 3.038908831301105
1.28 3.046796119286485
1.29 3.054759227583589
1.3 3.062682826683826
1.31 3.070497444404841
1.32 3.078168286477921
1.33 3.085671885277165
1.34 3.092978612735715
1.35 3.100046746061384
1.36 3.106820948217848
1.37 3.11322858190888
1.38 3.119175976321915
1.39 3.124557895681871
1.4 3.129277695269233
1.41 3.13324907056291
1.42 3.136375023644295
1.43 3.138534352074809
1.44 3.139583458380138
1.45 3.139360773615417
1.46 3.137703076808969
1.47 3.134484758598659
1.48 3.129662374563601
1.49 3.123299259058903
1.5 3.115560265169239
1.51 3.1066876728641
1.52 3.096975488669857
1.53 3.086746867100882
1.54 3.076341705005665
1.55 3.066117457061706
1.56 3.056439424831583
1.57 3.047646413736294
1.58 3.040014964498632
1.59 3.033739723820681
1.6 3.028930338034255
1.61 3.025630680937633
1.62 3.023840217841069
1.63 3.023503678270032
1.64 3.024489416733422
1.65 3.026595598950795
1.66 3.029579019708556
1.67 3.033183639309969
1.68 3.037162388285345
1.69 3.041300036023259
1.7 3.045439354012986
1.71 3.049493748090532
1.72 3.053435842654562
1.73 3.057276659492191
1.74 3.061049449634439
1.75 3.064801083739761
1.76 3.068588849359067
1.77 3.072473726370531
1.78 3.076513277403395
1.79 3.080759180685941
1.8 3.085240821192
1.81 3.089932259937608
1.82 3.094732649361803
1.83 3.099473664817157
1.84 3.103937942821214
1.85 3.107877497682436
1.86 3.111037355094064
1.87 3.113181544607738
1.88 3.114109606536369
1.89 3.113665261488128
1.9 3.111741643697704
1.91 3.108281001745955
1.92 3.103280180544613
1.93 3.096818968475566
1.94 3.089097537637655
1.95 3.080440090954036
1.96 3.071250115778332
1.97 3.061956202440868
1.98 3.052979049335567
1.99 3.044697783397081
2 3.037401203156833
2.01 3.031264812670472
2.02 3.02638511816824
2.03 3.022837612303324
2.04 3.020704565418528
2.05 3.020059554661085
2.06 3.020933840500956
2.07 3.023289468652493
2.08 3.027011610317468
2.09 3.031919604415768
2.1 3.037787130210688
2.11 3.044368232254351
2.12 3.051421934527084
2.13 3.058726381960432
2.14 3.066087979188123
2.15 3.073352034323875
2.16 3.080413840643586
2.17 3.087221415548443
2.18 3.09376409808809
2.19 3.100053629143288
2.2 3.106101772548189
2.21 3.1118957834028
2.22 3.117380857327584
2.23 3.122458096477344
2.24 3.126997024548817
2.25 3.130857382487897
2.26 3.133911027233873
2.27 3.136055637227503
2.28 3.137221884714512
2.29 3.137368023043765
2.3 3.136452439393377
2.31 3.134405414585675
2.32 3.131126776810766
2.33 3.126505892889775
2.34 3.120453441595361
2.35 3.112934637976063
2.36 3.103990409180605
2.37 3.093749101066533
2.38 3.082431742687104
2.39 3.070343143337235
2.4 3.057857123874725
2.41 3.045403413828622
2.42 3.033437186414087
2.43 3.022393827385845
2.44 3.012663480261196
2.45 3.004577784542245
2.46 2.998384188356731
2.47 2.994233017015417
2.48 2.992188584339648
2.49 2.992232326418589
2.5 2.994253502544653
2.51 2.998055207039332
2.52 3.003386277947824
2.53 3.009976319014286
2.54 3.017548567907077
2.55 3.025823892844489
2.56 3.0345420228364
2.57 3.043495973880373
2.58 3.052551791542919
2.59 3.061635571411971
2.6 3.070707684088234
2.61 3.079740722085855
2.62 3.088696499007976
2.63 3.097524683214139
2.64 3.106185192124954
2.65 3.114644489046822
2.66 3.122840816862017
2.67 3.130666190004921
2.68 3.137973205887526
2.69 3.144578437802998
2.7 3.150260468459817
2.71 3.154770595789402
2.72 3.157861577531124
2.73 3.159324856750449
2.74 3.15901615567565
2.75 3.156853656727812
2.76 3.152799558619299
2.77 3.146851832612187
2.78 3.139049695747788
2.79 3.129476378911393
2.8 3.118266445020565
2.81 3.105631312861666
2.82 3.091873427076063
2.83 3.077360227116347
2.84 3.06248541517015
2.85 3.047644515779603
2.86 3.033217344270244
2.87 3.019554120091739
2.88 3.006968559333697
2.89 2.995738806967491
2.9 2.986112172147597
2.91 2.978308365062158
2.92 2.97252796639066
2.93 2.96895682746508
2.94 2.967728283433134
2.95 2.968848654317136
2.96 2.972163948686271
2.97 2.977407792462595
2.98 2.984268737680161
2.99 2.992413523681179
3 3.001481476963351
3.01 3.011099578976537
3.02 3.020926553931958
3.03 3.030688950056328
3.04 3.040195400745565
3.05 3.049344565172984
3.06 3.058119910441484
3.07 3.066560871244991
3.08 3.074727188603966
3.09 3.082670333093906
3.1 3.090410204504113
3.11 3.097926530995391
3.12 3.105170043780891
3.13 3.112069821668521
3.14 3.11852378614253
3.15 3.124393575686736
3.16 3.129515646742333
3.17 3.133711544357483
3.18 3.136796500574089
3.19 3.13860148467397
3.2 3.138989049700372
3.21 3.137841896062275
3.22 3.135050970831966
3.23 3.130529097225925
3.24 3.124237913936295
3.25 3.116205182821373
3.26 3.106520163055317
3.27 3.095325339140749
3.28 3.082832632301679
3.29 3.069343418876482
3.3 3.055243636381068
3.31 3.040981315354088
3.32 3.027026211359731
3.33 3.013818276408197
3.34 3.00173707117434
3.35 2.991092551968435
3.36 2.982120155242263
3.37 2.974996317758507
3.38 2.969868422492717
3.39 2.966857406644955
3.4 2.966035744052059
3.41 2.967405234835411
3.42 2.970865592378386
3.43 2.976171353362632
3.44 2.982913191220123
3.45 2.99056864552594
3.46 2.998616437616084
3.47 3.006643443406583
3.48 3.014383859507085
3.49 3.021696668553368
3.5 3.028518849820165
3.51 3.034824869073436
3.52 3.040614767283573
3.53 3.045926910959395
3.54 3.050839277864345
3.55 3.055437656169925
3.56 3.059777472499382
3.57 3.06387759259463
3.58 3.067744950552475
3.59 3.07139319753624
3.6 3.074826578985943
3.61 3.078005152596165
3.62 3.080832340589901
3.63 3.083172084332063
3.64 3.084866598994567
3.65 3.085742033678411
3.66 3.085615221378579
3.67 3.084305667007817
3.68 3.081648715873039
3.69 3.077511160072957
3.7 3.071807576569598
3.71 3.064524489335549
3.72 3.055755938464587
3.73 3.045718708032188
3.74 3.034728749141721
3.75 3.023167224772286
3.76 3.011451135196825
3.77 2.999998346699723
3.78 2.98919512912713
3.79 2.979374143945799
3.8 2.970795062352217
3.81 2.963636523557421
3.82 2.958008546538619
3.83 2.953968352896372
3.84 2.951522439917533
3.85 2.950608775629001
3.86 2.951072290318662
3.87 2.952675535390226
3.88 2.955155522440698
3.89 2.958278426690929
3.9 2.961863295620351
3.91 2.965795691889118
3.92 2.970039938743884
3.93 2.97462694284228
3.94 2.979613053599655
3.95 2.985042404228991
3.96 2.990927337609626
3.97 2.997226589705194
3.98 3.003813801233628
3.99 3.010458653593206
4 3.016857062968393
4.01 3.022720633356423
4.02 3.027875521721325
4.03 3.032292564246358
4.04 3.036017796388522
4.050000000000001 3.039075969021021
4.06 3.041441659618357
4.07 3.043061221731169
4.08 3.04385622762622
4.09 3.043706019014456
4.1 3.042443796152444
4.11 3.039876584967772
4.12 3.035822645953003
4.13 3.030155344357846
4.140000000000001 3.022845676010493
4.15 3.013995365947315
4.16 3.003834664528033
4.17 2.992687579603978
4.18 2.980938371091486
4.19 2.969002936717255
4.2 2.957307542883227
4.21 2.946276493962447
4.220000000000001 2.936302294534249
4.23 2.927697916503454
4.24 2.920657739830193
4.25 2.915245366389156
4.26 2.911423843695651
4.27 2.909111807827727
4.28 2.908220722366365
4.29 2.908664104502908
4.300000000000001 2.910355377278034
4.31 2.913195460202794
4.32 2.917052747957606
4.33 2.921756092798544
4.34 2.92711376099127
4.35 2.932945477018709
4.36 2.939109039908276
4.37 2.945507271915541
4.38 2.952068409000216
4.390000000000001 2.95872283590555
4.4 2.965402924499194
4.41 2.97205152722128
4.42 2.978616434296218
4.43 2.985039631189232
4.44 2.991260631932656
4.45 2.997237551846797
4.46 3.002964372745705
4.470000000000001 3.008459112666016
4.48 3.013731878647589
4.49 3.018757566013966
4.5 3.02346285673727
4.51 3.02773059126253
4.52 3.031414707609343
4.53 3.034351361316321
4.54 3.036369050780403
4.55 3.037305074729738
4.56 3.037018592272002
4.57 3.035396480043322
4.58 3.032362607328995
4.59 3.027891475737006
4.600000000000001 3.022019943862548
4.61 3.014857487237037
4.62 3.006591309321649
4.63 2.997479356734069
4.640000000000001 2.987841529767143
4.65 2.978050672140603
4.66 2.96849736527561
4.67 2.959538733545258
4.68 2.951469261328076
4.69 2.944506160181337
4.7 2.938784745000203
4.71 2.934390482580389
4.720000000000001 2.931405750724228
4.73 2.929914164319691
4.74 2.929957593222666
4.75 2.931495111829476
4.76 2.934408264396955
4.77 2.938547302003868
4.78 2.943767973399428
4.79 2.949925567014911
4.8 2.956852240840554
4.81 2.964358053182556
4.82 2.97225564585763
4.83 2.980387207994818
4.84 2.988639540743877
4.850000000000001 2.996937116381307
4.86 3.0052179151919
4.87 3.013413654495436
4.88 3.021444552503307
4.890000000000001 3.029218567140368
4.9 3.036629353028155
4.91 3.04355892634384
4.92 3.049885688603453
4.93 3.055492160006024
4.94 3.060271414386667
4.95 3.064134574291947
4.96 3.067018986479058
4.970000000000001 3.068894543928665
4.98 3.069761997271371
4.99 3.069636693204208
5 3.068521429499905
5.01 3.066384336880075
5.02 3.063161477781461
5.03 3.05878980965032
5.04 3.053249777515503
5.05 3.046586598897049
5.06 3.038908908811832
5.07 3.030386660112236
5.08 3.021249435027155
5.09 3.011776442501726
5.100000000000001 3.002278436192387
5.11 2.993079360559288
5.12 2.984502450614624
5.13 2.976844016193753
5.140000000000001 2.97032892472457
5.15 2.965077179688427
5.16 2.961109872939184
5.17 2.958383245182343
5.180000000000001 2.956818330167267
5.19 2.956319460587538
5.2 2.956791845682574
5.21 2.958151753027824
5.220000000000001 2.960315313113629
5.23 2.963177413451464
5.24 2.966607963970215
5.25 2.970467626897499
5.26 2.974625286611359
5.27 2.97896150989645
5.28 2.983351690868905
5.29 2.987648557379131
5.3 2.99169014104372
5.31 2.995327258013429
5.32 2.998450254313281
5.33 3.001004612449943
5.34 3.002990025665958
5.350000000000001 3.004447759901351
5.36 3.005448603689707
5.37 3.006086086861254
5.38 3.006467377091328
5.390000000000001 3.006694082727081
5.4 3.0068436265287
5.41 3.006964800629972
5.42 3.007080311812588
5.430000000000001 3.007186944598187
5.44 3.007259006574031
5.45 3.007262150667025
5.46 3.007175133662521
5.470000000000001 3.007010315126327
5.48 3.006821804179845
5.49 3.006693544025692
