0 -0.4827213836268882
0.01 -0.5420427249268074
0.02 -0.6071164978665702
0.03 -0.676624447358511
0.04 -0.7491795932600254
0.05 -0.8234869157794575
0.06 -0.8984559891024415
0.07000000000000001 -0.9732747130952131
0.08 -1.047458476129662
0.09 -1.120852301732929
0.1 -1.193545829550702
0.11 -1.265709030364996
0.12 -1.337411562994879
0.13 -1.408503115801246
0.14 -1.478600705181238
0.15 -1.547160509862306
0.16 -1.613577977568188
0.17 -1.677284969583507
0.18 -1.73781339265958
0.19 -1.794793850840822
0.2 -1.847909758995054
0.21 -1.896847190491814
0.22 -1.941252920775403
0.23 -1.980703024675936
0.24 -2.014689067649426
0.25 -2.042629147984643
0.26 -2.063903970545142
0.27 -2.077909770028525
0.28 -2.084110695172761
0.29 -2.082080019462809
0.3 -2.071539347448789
0.31 -2.052393303074612
0.32 -2.024740795982386
0.33 -1.988855421163947
0.34 -1.945138672863267
0.35 -1.894060876507277
0.36 -1.836112989805644
0.37 -1.771784207148328
0.38 -1.701569147670855
0.39 -1.625995956308603
0.4 -1.545659307011785
0.41 -1.461246923749697
0.42 -1.373552782273045
0.43 -1.283471342320339
0.44 -1.191962313201728
0.45 -1.09998067920826
0.46 -1.008404581197437
0.47 -0.9180034432865156
0.48 -0.8294511853147606
0.49 -0.7433910187135351
0.5 -0.6605632011087503
0.51 -0.5819488499167003
0.52 -0.5088277818707745
0.53 -0.4426823034769178
0.54 -0.3849907952469986
0.55 -0.3369993754297469
0.5600000000000001 -0.2994902060195024
0.5700000000000001 -0.2725408017563535
0.58 -0.2553351053592738
0.59 -0.2461126213071321
0.6 -0.2423291402492809
0.61 -0.2410862798498932
0.62 -0.2397382400748573
0.63 -0.2363909497025585
0.64 -0.2300845117222869
0.65 -0.2207357536296648
0.66 -0.2090281091255157
0.67 -0.1962982414982162
0.68 -0.1843452740015659
0.6900000000000001 -0.1750939469088295
0.7000000000000001 -0.17014190317781
0.71 -0.1703437780787569
0.72 -0.1755969216842312
0.73 -0.1848886783537407
0.74 -0.1965424799160997
0.75 -0.2085552462613243
0.76 -0.2189775102855833
0.77 -0.2262841755215979
0.78 -0.2295958161939131
0.79 -0.2286797510973235
0.8 -0.2238512210792734
0.8100000000000001 -0.2158898914773539
0.8200000000000001 -0.2059306670666481
0.8300000000000001 -0.1952997460224406
0.84 -0.1853773238510055
0.85 -0.1775424075235246
0.86 -0.1731658714536044
0.87 -0.1735883233544193
0.88 -0.1800416356697143
0.89 -0.1935271456238694
0.9 -0.2147107325117372
0.91 -0.2438809055018574
0.92 -0.2809708536649125
0.93 -0.3256275073210815
0.9400000000000001 -0.3773034855810371
0.9500000000000001 -0.4353356724584612
0.96 -0.498983226160874
0.97 -0.5674472494143603
0.98 -0.6399174381642134
0.99 -0.7156271687411122
1 -0.7938625104629664
1.01 -0.8739353982546194
1.02 -0.9551747426386634
1.03 -1.036947331913761
1.04 -1.118685337233071
1.05 -1.199912012040956
1.06 -1.280259983313543
1.07 -1.359462980708821
1.08 -1.437312821299755
1.09 -1.513603551305052
1.1 -1.588103799118343
1.11 -1.660566991647603
1.12 -1.730728404865668
1.13 -1.798238664224455
1.14 -1.862548423256909
1.15 -1.922817031080573
1.16 -1.977911362369935
1.17 -2.026482493971223
1.18 -2.06707109201247
1.19 -2.098241698723558
1.2 -2.11875767566446
1.21 -2.127751267905472
1.22 -2.124816088314195
1.23 -2.109989158061415
1.24 -2.083645238655853
1.25 -2.046351362144503
1.26 -1.998726806513234
1.27 -1.941336802050483
1.28 -1.874619903457285
1.29 -1.798848790327995
1.3 -1.714158276916745
1.31 -1.620672041406288
1.32 -1.518695055193798
1.33 -1.408893340647506
1.34 -1.292416170231437
1.35 -1.170950963897653
1.36 -1.046696723609022
1.37 -0.9222570071226905
1.38 -0.8004862066897358
1.39 -0.684333358873408
1.4 -0.5767028208490279
1.41 -0.4803093932854301
1.42 -0.3975184857026064
1.43 -0.3301713075835719
1.44 -0.2793233374176909
1.45 -0.2448670575346945
1.46 -0.2252195486320447
1.47 -0.2173548541721093
1.48 -0.2173038637483558
1.49 -0.2209574356998827
1.5 -0.2248139788579206
1.51 -0.2263826755154987
1.52 -0.2242490960375143
1.53 -0.2180224843400751
1.54 -0.208292553717726
1.55 -0.1965149400910029
1.56 -0.184717765308962
1.57 -0.1750664106348792
1.58 -0.1694221036741013
1.59 -0.169015646753528
1.6 -0.1742966234634107
1.61 -0.1849339237985732
1.62 -0.1998819386628146
1.63 -0.2174689176468076
1.64 -0.23555470072486
1.65 -0.2518132049005151
1.66 -0.2641249458802064
1.67 -0.270976547709763
1.68 -0.2717217705107613
1.69 -0.2666313796675466
1.7 -0.2567630455177015
1.71 -0.243736535019774
1.72 -0.2295341382916041
1.73 -0.2164029037669053
1.74 -0.2067948216821978
1.75 -0.2032181384075011
1.76 -0.2079816320498273
1.77 -0.2229259005343427
1.78 -0.2492180116258162
1.79 -0.2872306575428958
1.8 -0.3365312962436544
1.81 -0.3960229805986795
1.82 -0.464204445065509
1.83 -0.5394284016670339
1.84 -0.6200829869927551
1.85 -0.7047073051750781
1.86 -0.7920603547395166
1.87 -0.8811368303643254
1.88 -0.9711108257774472
1.89 -1.061235346697938
1.9 -1.150784085352712
1.91 -1.239073441213487
1.92 -1.325526301138401
1.93 -1.409734753911289
1.94 -1.491478462684371
1.95 -1.570668363404431
1.96 -1.647254261366998
1.97 -1.721154086673721
1.98 -1.792201221533654
1.99 -1.860084321244655
2 -1.924275247103956
2.01 -1.98395198390848
2.02 -2.037957147891795
2.03 -2.084851907043379
2.04 -2.123075487123887
2.05 -2.151158184855368
2.06 -2.167926246256304
2.07 -2.172656735688864
2.08 -2.165136185250768
2.09 -2.145598445883088
2.1 -2.114588802119019
2.11 -2.072814386120094
2.12 -2.020996748716176
2.13 -1.959743344284372
2.14 -1.889476687064201
2.15 -1.810439258796514
2.16 -1.722783628619568
2.17 -1.626757739784376
2.18 -1.522912213522643
2.19 -1.412230019570351
2.2 -1.296174033488872
2.21 -1.176639808282055
2.22 -1.055776830339141
2.23 -0.935764860961346
2.24 -0.8186678303722963
2.25 -0.7063810057455329
2.26 -0.6006560591135495
2.27 -0.5031876649078
2.28 -0.4156712137879843
2.29 -0.3397492217460059
2.3 -0.2768685253258161
2.31 -0.2280854033664816
2.32 -0.193812926053452
2.33 -0.1735123755208821
2.34 -0.1654133444408865
2.35 -0.1664877722617577
2.36 -0.1728635185951966
2.37 -0.180539568719071
2.38 -0.1860788998369434
2.39 -0.1871327658730104
2.4 -0.1827883298894739
2.41 -0.1736530119080855
2.42 -0.161605523100508
2.43 -0.1493071855958803
2.44 -0.1396315929789411
2.45 -0.1350892618275141
2.46 -0.1372961707921787
2.47 -0.1466247475678277
2.48 -0.1621684092360107
2.49 -0.18200004655702
2.5 -0.2035944974987913
2.51 -0.2242674471437511
2.52 -0.2415526884348282
2.53 -0.2535367016854542
2.54 -0.2591447435951233
2.55 -0.2582820189037438
2.56 -0.2517478536159721
2.57 -0.2409669732537569
2.58 -0.2276937369626189
2.59 -0.2138331577479033
2.6 -0.2014021476731189
2.61 -0.1925197896502211
2.62 -0.1893002786087674
2.63 -0.1936514516097469
2.64 -0.2070641114182532
2.65 -0.2304491632128545
2.66 -0.2640552887360803
2.67 -0.307485140867275
2.68 -0.3598022727517183
2.69 -0.4196992748475394
2.7 -0.4856917794387847
2.71 -0.5563034958190589
2.72 -0.6302005659528866
2.73 -0.706266312931743
2.74 -0.7836340634370758
2.75 -0.861669318164207
2.76 -0.9399128141102984
2.77 -1.01802733498804
2.78 -1.095761236812403
2.79 -1.172928682557211
2.8 -1.24939518287259
2.81 -1.325035080048163
2.82 -1.399674049930981
2.83 -1.473075197151485
2.84 -1.544981801181845
2.85 -1.615173741955743
2.86 -1.683486057215396
2.87 -1.749752750748448
2.88 -1.813687297871484
2.89 -1.874757867607735
2.9 -1.932115435566184
2.91 -1.984611022239462
2.92 -2.030905182033806
2.93 -2.069647455030849
2.94 -2.099676821926666
2.95 -2.120157264870226
2.96 -2.130599428137458
2.97 -2.130819598964812
2.98 -2.120909728461403
2.99 -2.101216450109394
3 -2.072264119487731
3.01 -2.034598427766785
3.02 -1.988658812957945
3.03 -1.93476580716719
3.04 -1.873125467784186
3.05 -1.803806423561556
3.06 -1.726804975007666
3.07 -1.642208201843333
3.08 -1.550341290898612
3.09 -1.451852245321772
3.1 -1.347734626975114
3.11 -1.239273286268128
3.12 -1.127939166330731
3.13 -1.015293002900128
3.14 -0.9029216460066376
3.15 -0.7924036956539182
3.16 -0.6853095484279552
3.17 -0.583242328440126
3.18 -0.4879128723356958
3.19 -0.4012014491751597
3.2 -0.3251215684081412
3.21 -0.261651926624523
3.22 -0.2124754652085046
3.23 -0.1786373871207863
3.24 -0.1601061317761516
3.25 -0.155348764997326
3.26 -0.1612244928076989
3.27 -0.1734561742994192
3.28 -0.1875292995963842
3.29 -0.1995339801880069
3.3 -0.2066842080507367
3.31 -0.2076203170771396
3.32 -0.2025583063317873
3.33 -0.1931337939690563
3.34 -0.1818572777614538
3.35 -0.1714182239347135
3.36 -0.164204032808934
3.37 -0.1620952981173862
3.38 -0.1662735275189995
3.39 -0.1768904397343425
3.4 -0.1927935820728006
3.41 -0.2115999435396403
3.42 -0.2301906203529436
3.43 -0.245436788422607
3.44 -0.2548784887532602
3.45 -0.2571675514329295
3.46 -0.2522119968023655
3.47 -0.2410457213714112
3.48 -0.2254969345793953
3.49 -0.2077655056343413
3.5 -0.1900525278699723
3.51 -0.1743623391043796
3.52 -0.1624937623675566
3.53 -0.1561096599294669
3.54 -0.1567363580237142
3.55 -0.1656367605973998
3.56 -0.1836255739559602
3.57 -0.2109718462339929
3.58 -0.2474979987702755
3.59 -0.2928200276464215
3.6 -0.3465530583638827
3.61 -0.4083702228803001
3.62 -0.4779464778388514
3.63 -0.5548782745759353
3.64 -0.6386176485642316
3.65 -0.7283967369200588
3.66 -0.8231314055767922
3.67 -0.9213529838782661
3.68 -1.021255571391398
3.69 -1.12089562045492
3.7 -1.21847192984421
3.71 -1.312579108296385
3.72 -1.402349322649932
3.73 -1.48742599614505
3.74 -1.567810016862206
3.75 -1.643699256079652
3.76 -1.715369910451628
3.77 -1.783060336214494
3.78 -1.846861456464066
3.79 -1.906643355034506
3.8 -1.961985992714309
3.81 -2.012101179770808
3.82 -2.055832662331885
3.83 -2.09179701705876
3.84 -2.118604321112444
3.85 -2.135089511629392
3.86 -2.140513069752763
3.87 -2.134635958059199
3.88 -2.117629060975785
3.89 -2.08992495538538
3.9 -2.052108640574407
3.91 -2.004835353395326
3.92 -1.948745888582554
3.93 -1.88438505930899
3.94 -1.812132041091767
3.95 -1.732159151135173
3.96 -1.644467930210427
3.97 -1.549040877813751
3.98 -1.446081594667971
3.99 -1.336250792986402
4 -1.220796677818434
4.01 -1.101537031303709
4.02 -0.9807263365604753
4.03 -0.8608937131956402
4.04 -0.7447199534250935
4.050000000000001 -0.6349482170592711
4.06 -0.534306509363041
4.07 -0.4454240683402095
4.08 -0.370678398702375
4.09 -0.3119187645988393
4.1 -0.2700955316690701
4.11 -0.2448835947756987
4.12 -0.2344385371341962
4.13 -0.2354764333482158
4.140000000000001 -0.2437553703226758
4.15 -0.2547918370015725
4.16 -0.2645720566100933
4.17 -0.2701133039885844
4.18 -0.2697836027625868
4.19 -0.2633475173433646
4.2 -0.2517966501231297
4.21 -0.2370358088926685
4.220000000000001 -0.2214770365163017
4.23 -0.2076121285578325
4.24 -0.1976387102182593
4.25 -0.1931806329971848
4.26 -0.1951025046280415
4.27 -0.2034005160438395
4.28 -0.2171871237829639
4.29 -0.2348126030509103
4.300000000000001 -0.2540982510327368
4.31 -0.2726154773979022
4.32 -0.2879979929387257
4.33 -0.2982965019340877
4.34 -0.3023187553397553
4.35 -0.2998160814952451
4.36 -0.2914386149866037
4.37 -0.278534255398156
4.38 -0.2628893515272703
4.390000000000001 -0.246475962539507
4.4 -0.2312778476335047
4.41 -0.2192068650152579
4.42 -0.2120585441496274
4.43 -0.2114649898655574
4.44 -0.218813684163127
4.45 -0.2351265174103943
4.46 -0.2609336032526435
4.470000000000001 -0.2962116613914425
4.48 -0.3404643069888316
4.49 -0.3929198442067374
4.5 -0.4527150936056468
4.51 -0.518977328810875
4.52 -0.5908248294272149
4.53 -0.6673599868088198
4.54 -0.7476943458427803
4.55 -0.8309598756317751
4.56 -0.9162733934903771
4.57 -1.002720391967735
4.58 -1.089403462579661
4.59 -1.175511821362746
4.600000000000001 -1.260385210883628
4.61 -1.343563022691695
4.62 -1.424773811277689
4.63 -1.503850686588669
4.640000000000001 -1.580624270184657
4.65 -1.654853894491328
4.66 -1.726213502486372
4.67 -1.794290113549908
4.68 -1.858544282459819
4.69 -1.918245956690822
4.7 -1.972440480610642
4.71 -2.01997107051925
4.720000000000001 -2.059564179762337
4.73 -2.08997944657001
4.74 -2.110194984827502
4.75 -2.119576480688647
4.76 -2.117959986472331
4.77 -2.105596166893528
4.78 -2.08300995933942
4.79 -2.050871834106475
4.8 -2.00988272501632
4.81 -1.960639532729705
4.82 -1.903528488780506
4.83 -1.838713919862832
4.84 -1.766212764477517
4.850000000000001 -1.686000691826313
4.86 -1.59812321355327
4.87 -1.502813433422335
4.88 -1.400610818619402
4.890000000000001 -1.292459063202155
4.9 -1.179747704149628
4.91 -1.064260792909641
4.92 -0.9480462195342305
4.93 -0.8332978153374619
4.94 -0.7223190626227693
4.95 -0.6175133986015422
4.96 -0.5213166274003469
4.970000000000001 -0.4360663223621883
4.98 -0.3638411455736592
4.99 -0.3062847910760182
5 -0.2643757916385514
5.01 -0.2380827266587455
5.02 -0.225975314046249
5.03 -0.2250574640974543
5.04 -0.231101351280699
5.05 -0.239479965915649
5.06 -0.2461399489509724
5.07 -0.2482861644517489
5.08 -0.2446280490671313
5.09 -0.2353349379459226
5.100000000000001 -0.221850081558487
5.11 -0.2065626311064963
5.12 -0.1923191900323569
5.13 -0.1818485493150446
5.140000000000001 -0.1772257657464409
5.15 -0.1794921513049634
5.16 -0.188513734319752
5.17 -0.2030949713988637
5.180000000000001 -0.2212893729268717
5.19 -0.240791907829669
5.2 -0.259284997706132
5.21 -0.2746922895102881
5.220000000000001 -0.2853841622196738
5.23 -0.2903692802514923
5.24 -0.2894273563690937
5.25 -0.2830810746909043
5.26 -0.2723667414587143
5.27 -0.2585063064961708
5.28 -0.2426546720953389
5.29 -0.2258225709259292
5.3 -0.2089200299502245
5.31 -0.1927823703226381
5.32 -0.1781187522089538
5.33 -0.1654404045558366
5.34 -0.1550296854392168
5.350000000000001 -0.1469491611694744
5.36 -0.141075119253196
5.37 -0.137149849051168
5.38 -0.1348336700832795
5.390000000000001 -0.133749863987541
5.4 -0.1335475780122102
5.41 -0.1339833103857351
5.42 -0.1349694459707158
5.430000000000001 -0.1365442947741564
5.44 -0.1387797604714165
5.45 -0.1416853568145999
5.46 -0.1451542825400272
5.470000000000001 -0.1489666730271848
5.48 -0.152839352860235
5.49 -0.1564895934347477
