0 3.106496957639038
0.01 3.099347073039998
0.02 3.092497030365577
0.03 3.086103909303687
0.04 3.080317036535821
0.05 3.075275461049618
0.06 3.071106232442979
0.07000000000000001 3.067919893772424
0.08 3.065799177161646
0.09 3.064791207075312
0.1 3.064908232342086
0.11 3.066132716569885
0.12 3.068423263642901
0.13 3.071716704313429
0.14 3.07592239746392
0.15 3.080915636527502
0.16 3.086541892069259
0.17 3.092628793071357
0.18 3.098995437392154
0.19 3.105462141920694
0.2 3.111861060630296
0.21 3.118033591201067
0.22 3.123819021199344
0.23 3.129053911945126
0.24 3.133574931352555
0.25 3.137211800321267
0.26 3.139787789706328
0.27 3.141142377865041
0.28 3.141163823149008
0.29 3.139820087376564
0.3 3.137179003558538
0.31 3.133402572931253
0.32 3.128714067099752
0.33 3.123351828394562
0.34 3.117525437947672
0.35 3.111392035834879
0.36 3.105056780543404
0.37 3.098580822463243
0.38 3.09198634868384
0.39 3.08525999716687
0.4 3.078362574917698
0.41 3.071251254977085
0.42 3.063902043576844
0.43 3.056322268314363
0.44 3.048555606343707
0.45 3.04068310903796
0.46 3.032823054846253
0.47 3.025125311556381
0.48 3.017762399531712
0.49 3.010924050107879
0.5 3.004811461746649
0.51 2.999632845419667
0.52 2.99559672188901
0.53 2.992891377925275
0.54 2.991662657844613
0.55 2.992009934581409
0.5600000000000001 2.993994026793276
0.5700000000000001 2.997641455829009
0.58 3.002941766595181
0.59 3.009837272986791
0.6 3.018204537821079
0.61 3.027839950996472
0.62 3.038462583914457
0.63 3.049728294978477
0.64 3.061249692471606
0.65 3.072621195925088
0.66 3.083444257793745
0.67 3.093354972469168
0.68 3.102042377773421
0.6900000000000001 3.109254312417356
0.7000000000000001 3.114818820911211
0.71 3.118672618462353
0.72 3.120859140289398
0.73 3.121491010642868
0.74 3.120703045889208
0.75 3.118631819744166
0.76 3.115425562807544
0.77 3.111253045446924
0.78 3.10630230997698
0.79 3.100776544672705
0.8 3.094875227704429
0.8100000000000001 3.088766105518922
0.8200000000000001 3.082575405504443
0.8300000000000001 3.076388834456425
0.84 3.070251109526021
0.85 3.064179066526281
0.86 3.058174732712148
0.87 3.052219165994581
0.88 3.046274056307481
0.89 3.04030208280146
0.9 3.034278531607915
0.91 3.028196267528299
0.92 3.022086843368802
0.93 3.016042259884444
0.9400000000000001 3.010209222379654
0.9500000000000001 3.004763294036544
0.96 2.999890091179191
0.97 2.995787093884628
0.98 2.992670517334385
0.99 2.990761332521791
1 2.990253842332025
1.01 2.991290511811116
1.02 2.99395064379546
1.03 2.998243760449291
1.04 3.004103493299342
1.05 3.011389313950314
1.06 3.019892753280867
1.07 3.029334835452492
1.08 3.039369572163735
1.09 3.049613941399043
1.1 3.059685295948912
1.11 3.069228478916434
1.12 3.077941144055552
1.13 3.085595238469815
1.14 3.092046485983182
1.15 3.097232212271437
1.16 3.101152080944098
1.17 3.103827637032044
1.18 3.105255300859619
1.19 3.105386089165037
1.2 3.104152730861782
1.21 3.101516821828064
1.22 3.097497153840736
1.23 3.092178239932103
1.24 3.085712214019224
1.25 3.078309482177743
1.26 3.070209935822265
1.27 3.061650271470417
1.28 3.052848199680523
1.29 3.043996308324218
1.3 3.035251516951322
1.31 3.026726124656006
1.32 3.018493464347133
1.33 3.010605044277697
1.34 3.003104580676215
1.35 2.996034552868592
1.36 2.989440290994352
1.37 2.983376837765292
1.38 2.977917409738158
1.39 2.973150281977396
1.4 2.969163578487928
1.41 2.9660433766625
1.42 2.96388985291222
1.43 2.962824689871695
1.44 2.962984096221116
1.45 2.964511588754648
1.46 2.967543449515754
1.47 2.972174873193046
1.48 2.978420972730902
1.49 2.986196716940887
1.5 2.99532440332476
1.51 3.005555078308246
1.52 3.016587501086799
1.53 3.028083575213103
1.54 3.039677122695116
1.55 3.050975274110053
1.56 3.061574962063827
1.57 3.071105613351974
1.58 3.079271759961197
1.59 3.085874870080925
1.6 3.090813500483948
1.61 3.094058674457768
1.62 3.095626922938592
1.63 3.095586214845831
1.64 3.094076769075774
1.65 3.091308101234063
1.66 3.08753420370469
1.67 3.083027089764734
1.68 3.078055691776823
1.69 3.072863003107604
1.7 3.067638837449376
1.71 3.062505650963014
1.72 3.05752872154543
1.73 3.052734911173341
1.74 3.048125276870522
1.75 3.043680463871552
1.76 3.039362426430458
1.77 3.035120872671854
1.78 3.03090077849008
1.79 3.026645863716398
1.8 3.022316707867379
1.81 3.017926740595065
1.82 3.013566136401851
1.83 3.009398251705793
1.84 3.00564192811913
1.85 3.002550463293451
1.86 3.000384575055457
1.87 2.999383087506455
1.88 2.999742290475087
1.89 3.001604234903779
1.9 3.005051623230137
1.91 3.010109747483331
1.92 3.01674338092498
1.93 3.024832938411367
1.94 3.034141950135617
1.95 3.044315451643967
1.96 3.054923926450529
1.97 3.065515738604871
1.98 3.07564861033792
1.99 3.084922370747314
2 3.093028321553847
2.01 3.099775431253311
2.02 3.105060091035164
2.03 3.108809890966562
2.04 3.110954793714182
2.05 3.111440052539117
2.06 3.110256578603692
2.07 3.107464754667403
2.08 3.103200205766651
2.09 3.097662301122045
2.1 3.091094868529027
2.11 3.083761786323267
2.12 3.075924010535908
2.13 3.067826580911863
2.14 3.059688663154586
2.15 3.051690833957069
2.16 3.043963552715955
2.17 3.036585021949634
2.18 3.029591973627287
2.19 3.02299574079862
2.2 3.016798881901491
2.21 3.011013872689758
2.22 3.005679875000987
2.23 3.000868971847463
2.24 2.996678690084486
2.25 2.993214735258956
2.26 2.990574476038582
2.27 2.988839260516614
2.28 2.988071276943952
2.29 2.988318755381469
2.3 2.989638831483642
2.31 2.992118259749737
2.32 2.995867646450122
2.33 3.000995962309553
2.34 3.007578404568034
2.35 3.015627313827201
2.36 3.025076971404076
2.37 3.035777525133326
2.38 3.047493358561987
2.39 3.05991253384714
2.4 3.072659135269662
2.41 3.085302376636694
2.42 3.097383570938582
2.43 3.10845995462653
2.44 3.118131887560132
2.45 3.126060659240696
2.46 3.13199853460735
2.47 3.135803229516768
2.48 3.137425926791735
2.49 3.136906407498883
2.5 3.13438072080098
2.51 3.130074531708881
2.52 3.124271824807889
2.53 3.11728070731978
2.54 3.109420395803316
2.55 3.101015336300698
2.56 3.092370385913843
2.57 3.083731905755754
2.58 3.075262886358965
2.59 3.067050524101267
2.6 3.059127890310676
2.61 3.051494640284316
2.62 3.044141470089666
2.63 3.037054438934385
2.64 3.030197148138782
2.65 3.02352208281774
2.66 3.017013932674296
2.67 3.01071321380816
2.68 3.004711849396196
2.69 2.999151123795015
2.7 2.994226095779233
2.71 2.990178856027634
2.72 2.987272853146914
2.73 2.985753841896643
2.74 2.985816322042869
2.75 2.987594884006614
2.76 2.991173478458574
2.77 2.996588460341474
2.78 3.003824015234091
2.79 3.012814027567595
2.8 3.023438859167255
2.81 3.035501845897533
2.82 3.048714006189706
2.83 3.062715876188502
2.84 3.07711216598934
2.85 3.09149434705273
2.86 3.105458456663036
2.87 3.118622461162166
2.88 3.130640247641538
2.89 3.141209091733842
2.9 3.150072121337655
2.91 3.15702017894018
2.92 3.161894891340855
2.93 3.164604977600685
2.94 3.165153460379881
2.95 3.163641055531865
2.96 3.160226488180616
2.97 3.155073638691379
2.98 3.148333331627996
2.99 3.140165907041322
3 3.130765739862857
3.01 3.120356327568818
3.02 3.10916446064968
3.03 3.097406049319121
3.04 3.085292567214347
3.05 3.073034732370966
3.06 3.060827318120009
3.07 3.048830413217948
3.08 3.037170040641692
3.09 3.025954643753571
3.1 3.015290486488163
3.11 3.00528557518825
3.12 2.996041241375834
3.13 2.987643845958677
3.14 2.980166999322734
3.15 2.973678744607682
3.16 2.968248344739473
3.17 2.963955461037732
3.18 2.960893905399183
3.19 2.959159285562126
3.2 2.958837269633968
3.21 2.96001109952172
3.22 2.962769033709278
3.23 2.967189172741738
3.24 2.973310703231122
3.25 2.981112348343067
3.26 2.990512762148862
3.27 3.001377970819361
3.28 3.013506264894012
3.29 3.026607696771915
3.3 3.040306868704813
3.31 3.054164058324084
3.32 3.067715665165176
3.33 3.080525960291328
3.34 3.092218700128242
3.35 3.102490379717538
3.36 3.111122107334788
3.37 3.117971834156405
3.38 3.122948577384208
3.39 3.126004268798354
3.4 3.127139522184956
3.41 3.12640436377771
3.42 3.12390693506099
3.43 3.119832724078072
3.44 3.114449377017946
3.45 3.108078403382107
3.46 3.101041332671473
3.47 3.093611533770066
3.48 3.08599320968749
3.49 3.078321449164811
3.5 3.07068266210873
3.51 3.063150514470769
3.52 3.055799823730602
3.53 3.048684591237666
3.54 3.041820291017578
3.55 3.035199819258568
3.56 3.028827360636284
3.57 3.022735888666245
3.58 3.016971077981613
3.59 3.011564849567069
3.6 3.006535921875269
3.61 3.001917560052344
3.62 2.997779941834234
3.63 2.994232934529512
3.64 2.991424493689873
3.65 2.989539332334512
3.66 2.988784716847561
3.67 2.989364646180126
3.68 2.991454810329808
3.69 2.995182054859892
3.7 3.000608573860312
3.71 3.007711936867681
3.72 3.016356958831111
3.73 3.026289000952638
3.74 3.037164244172331
3.75 3.04858633927055
3.76 3.060133985210332
3.77 3.071391054360955
3.78 3.08197250618803
3.79 3.091539534237293
3.8 3.099814836029306
3.81 3.106592130224316
3.82 3.111729089562809
3.83 3.115135346716721
3.84 3.116769521404877
3.85 3.11665189898335
3.86 3.114882718412592
3.87 3.111629498491173
3.88 3.107076831062468
3.89 3.101388049090281
3.9 3.094705973131843
3.91 3.087166470121015
3.92 3.07890303503083
3.93 3.070051018227054
3.94 3.060758898595555
3.95 3.051189975055335
3.96 3.041507941628647
3.97 3.031865443138992
3.98 3.02240252683841
3.99 3.013252259249254
4 3.004550874570065
4.01 2.996439581900685
4.02 2.989056620657707
4.03 2.982533698443909
4.04 2.976998957771674
4.050000000000001 2.972572388320134
4.06 2.96934806216334
4.07 2.967385438024621
4.08 2.966730490470221
4.09 2.967447577392483
4.1 2.969630533448811
4.11 2.973387810749959
4.12 2.978812050203551
4.13 2.985946494696313
4.140000000000001 2.994752719474566
4.15 3.005082352600848
4.16 3.016677438616861
4.17 3.029200309942445
4.18 3.042261752472514
4.19 3.055443728764949
4.2 3.068316513963036
4.21 3.080451528703963
4.220000000000001 3.091454050557163
4.23 3.101011673622129
4.24 3.108931410519784
4.25 3.115150810880033
4.26 3.119707885783795
4.27 3.122682601856822
4.28 3.124156307102224
4.29 3.124202869214886
4.300000000000001 3.12289400614151
4.31 3.120315433420233
4.32 3.116591495409325
4.33 3.11189700358033
4.34 3.106441296616059
4.35 3.100435458980124
4.36 3.094060360499433
4.37 3.087451773720003
4.38 3.080713361627266
4.390000000000001 3.073937007602482
4.4 3.067203097796266
4.41 3.06057312527223
4.42 3.054096619247118
4.43 3.047824720628184
4.44 3.041810645543277
4.45 3.036090898566852
4.46 3.030667631760154
4.470000000000001 3.025518736021188
4.48 3.020629651210436
4.49 3.016023129324966
4.5 3.011775424126083
4.51 3.008014660699021
4.52 3.00490749908381
4.53 3.002647226726418
4.54 3.001439588772016
4.55 3.001479433744485
4.56 3.002929873669147
4.57 3.005909650817181
4.58 3.010480177097024
4.59 3.016633615681414
4.600000000000001 3.024287200070119
4.61 3.03328048795199
4.62 3.043378197272891
4.63 3.054283500339991
4.640000000000001 3.065648665445188
4.65 3.077082083681831
4.66 3.088179744079353
4.67 3.098571600047128
4.68 3.107946522482756
4.69 3.116066713615755
4.7 3.122776923964892
4.71 3.12797881724364
4.720000000000001 3.131588895291989
4.73 3.133533892715674
4.74 3.133787587805945
4.75 3.132404244862973
4.76 3.129509656698195
4.77 3.125256281684003
4.78 3.119790883774647
4.79 3.113264929221041
4.8 3.105860208294671
4.81 3.09778936523013
4.82 3.089270905038684
4.83 3.080500289427002
4.84 3.071632010606267
4.850000000000001 3.062782280644939
4.86 3.054048279417568
4.87 3.045524757863456
4.88 3.037308400017493
4.890000000000001 3.029498687640854
4.9 3.0222007536064
4.91 3.015524112149303
4.92 3.009575797388579
4.93 3.004454273782363
4.94 3.000246177012097
4.95 2.99702226304233
4.96 2.994831781244153
4.970000000000001 2.993697981457914
4.98 2.993620092779677
4.99 2.994587349080792
5 2.996601707083867
5.01 2.999695399552895
5.02 3.003926833947465
5.03 3.009349453583917
5.04 3.015971475349314
5.05 3.023735991329568
5.06 3.032522584423193
5.07 3.042148625258062
5.08 3.052370039346517
5.09 3.062890926741748
5.100000000000001 3.073382170458022
5.11 3.083501699211094
5.12 3.092911390637485
5.13 3.101306373945267
5.140000000000001 3.108461141029377
5.15 3.114262075206316
5.16 3.118698670324967
5.17 3.121825469692224
5.180000000000001 3.123727595764493
5.19 3.12449800960826
5.2 3.124219447275699
5.21 3.122959241868105
5.220000000000001 3.120789025461462
5.23 3.11781407496842
5.24 3.114181550395053
5.25 3.110063719771698
5.26 3.105634480898471
5.27 3.101057248960784
5.28 3.09649361755896
5.29 3.092115921740199
5.3 3.088098433757963
5.31 3.084591904299118
5.32 3.081700864269258
5.33 3.079473912147176
5.34 3.077909498974881
5.350000000000001 3.076967808556748
5.36 3.076576851734895
5.37 3.07663363555497
5.38 3.077011849021461
5.390000000000001 3.077583923879976
5.4 3.078245060302666
5.41 3.078923471729353
5.42 3.079582007041753
5.430000000000001 3.080219041883714
5.44 3.080863459156467
5.45 3.081558853042031
5.46 3.082340807440474
5.470000000000001 3.083215735302043
5.48 3.08415124588866
5.49 3.085085113595728
