0 0.5425612340958206
0.01 0.5425480304043216
0.02 0.5423391227200196
0.03 0.5419154716865153
0.04 0.541264709916347
0.05 0.540382438298731
0.06 0.5392709830485728
0.07000000000000001 0.537936926732439
0.08 0.5363901939111353
0.09 0.5346439366195268
0.1 0.532713491787749
0.11 0.5306152781042821
0.12 0.5283670702704391
0.13 0.5259893175904415
0.14 0.5235056468730599
0.15 0.5209425908174053
0.16 0.5183303374702783
0.17 0.5157038008663636
0.18 0.5131025076777533
0.19 0.5105698006498084
0.2 0.5081516931556487
0.21 0.5058946276465478
0.22 0.5038426348202472
0.23 0.5020361295301993
0.24 0.5005126905656381
0.25 0.4993075093341398
0.26 0.4984528453213483
0.27 0.4979772306041307
0.28 0.4979038960987575
0.29 0.4982490224404517
0.3 0.4990214274678342
0.31 0.5002227826566958
0.32 0.5018465424067236
0.33 0.5038760820640724
0.34 0.5062843873989171
0.35 0.5090361035881978
0.36 0.5120889732954561
0.37 0.5153930366960511
0.38 0.5188909583336712
0.39 0.5225207174970927
0.4 0.5262175217040916
0.41 0.5299146735867892
0.42 0.5335452002819993
0.43 0.5370428777605879
0.44 0.5403417331047671
0.45 0.5433763826435494
0.46 0.5460844311852997
0.47 0.5484096836005303
0.48 0.5503048715599266
0.49 0.5517330292152034
0.5 0.5526665074402624
0.51 0.5530836906766065
0.52 0.5529667545705904
0.53 0.5523037461235174
0.54 0.5510935687827399
0.55 0.5493511638495647
0.5600000000000001 0.5471113700193664
0.5700000000000001 0.5444294171604693
0.58 0.5413776134906054
0.59 0.5380401898449364
0.6 0.5345077604624197
0.61 0.5308724082682188
0.62 0.5272243683295812
0.63 0.5236492319139091
0.64 0.5202240124140239
0.65 0.5170127047381644
0.66 0.5140631655776586
0.67 0.5114067488911833
0.68 0.509060949035657
0.6900000000000001 0.5070342805433696
0.7000000000000001 0.5053323848886663
0.71 0.5039638346295379
0.72 0.502944191220043
0.73 0.502297460394894
0.74 0.5020543032989713
0.75 0.5022474698091792
0.76 0.5029062787573582
0.77 0.5040514144211159
0.78 0.5056902665285266
0.79 0.5078133989624753
0.8 0.5103931961445265
0.8100000000000001 0.5133848775778087
0.8200000000000001 0.5167285678748568
0.8300000000000001 0.5203520303612812
0.84 0.524175188632364
0.85 0.5281153633117435
0.86 0.5320910320426984
0.87 0.5360239313380568
0.88 0.5398393739329675
0.89 0.5434651743301608
0.9 0.5468313687744952
0.91 0.5498712628077331
0.92 0.5525227634687169
0.93 0.5547300584680729
0.9400000000000001 0.5564456192739535
0.9500000000000001 0.5576311326465684
0.96 0.5582566972178516
0.97 0.558300527860609
0.98 0.5577511376909166
0.99 0.556611223992614
1 0.5549027230443464
1.01 0.5526721094923895
1.02 0.5499922110959611
1.03 0.5469573689089939
1.04 0.5436729365712485
1.05 0.5402431243273643
1.06 0.5367613715775343
1.07 0.5333053991628711
1.08 0.5299363259769092
1.09 0.5267002464067101
1.1 0.5236313181100908
1.11 0.5207554965540935
1.12 0.5180941713071461
1.13 0.5156679441234566
1.14 0.513500126731365
1.15 0.5116182274566152
1.16 0.5100535111244361
1.17 0.5088407082030431
1.18 0.5080185328079794
1.19 0.5076292845193839
1.2 0.507715563833919
1.21 0.5083141605140852
1.22 0.5094490455185634
1.23 0.5111254954710693
1.24 0.5133267650948734
1.25 0.5160141307330102
1.26 0.5191296246078294
1.27 0.5225993048599493
1.28 0.5263363023221376
1.29 0.530244778161346
1.3 0.5342244200908012
1.31 0.538174147779175
1.32 0.5419956022940717
1.33 0.5455968537411329
1.34 0.5488947902221626
1.35 0.5518156176073574
1.36 0.5542951102281928
1.37 0.5562794864091408
1.38 0.5577257949558496
1.39 0.5586014030818887
1.4 0.5588842731991446
1.41 0.5585649476449988
1.42 0.5576488736221268
1.43 0.5561580269385594
1.44 0.5541322313260069
1.45 0.5516296446817797
1.46 0.5487244690488053
1.47 0.545501975865587
1.48 0.5420528093674282
1.49 0.5384669918400462
1.5 0.5348284175752771
1.51 0.5312121871238749
1.52 0.5276853898927352
1.53 0.5243098711219174
1.54 0.5211444861880621
1.55 0.5182446747454795
1.56 0.5156597498420963
1.57 0.5134295558542461
1.58 0.511582709856385
1.59 0.5101389365280071
1.6 0.509114701446326
1.61 0.5085287326161965
1.62 0.5084053211323847
1.63 0.508774248377282
1.64 0.5096661326132921
1.65 0.5111041789863249
1.66 0.5130959059926938
1.67 0.5156270772381701
1.68 0.5186582781518367
1.69 0.5221253873650196
1.7 0.5259438594569887
1.71 0.5300138975132604
1.72 0.5342248530113505
1.73 0.5384601327361012
1.74 0.5426032283739707
1.75 0.5465434736162426
1.76 0.5501804037952394
1.77 0.5534265281960209
1.78 0.556209082228434
1.79 0.5584712425832727
1.8 0.5601716597885981
1.81 0.5612816585031981
1.82 0.561781732612021
1.83 0.5616595489790964
1.84 0.5609109608709981
1.85 0.559543295590216
1.86 0.5575784055273649
1.87 0.5550553510238663
1.88 0.5520336444954904
1.89 0.5485939363974978
1.9 0.5448330515764268
1.91 0.5408557085066283
1.92 0.5367662492165726
1.93 0.5326614841919899
1.94 0.528626172572101
1.95 0.5247321891466801
1.96 0.5210400815833891
1.97 0.5176016435989836
1.98 0.5144633366960654
1.99 0.5116697478769126
2 0.5092647672937952
2.01 0.5072896580132218
2.02 0.5057800748826258
2.03 0.5047642267259032
2.04 0.5042633316479548
2.05 0.5042943252634704
2.06 0.5048730585049268
2.07 0.5060152054827118
2.08 0.5077331831721246
2.09 0.5100299633429186
2.1 0.5128918565036389
2.11 0.5162826647689647
2.12 0.5201414953647712
2.13 0.5243855839608449
2.14 0.5289183334634351
2.15 0.5336388121668343
2.16 0.5384470334267788
2.17 0.5432449374246529
2.18 0.5479369278147332
2.19 0.5524321886600982
2.2 0.5566489504655651
2.21 0.5605182066885495
2.22 0.5639838566517705
2.23 0.567000281749263
2.24 0.5695304308328543
2.25 0.5715454626221121
2.26 0.573024806086163
2.27 0.5739559181739011
2.28 0.5743350791262423
2.29 0.5741699257371399
2.3 0.5734824227424888
2.31 0.5723110081175133
2.32 0.5707109943265628
2.33 0.568752460925832
2.34 0.5665163606901502
2.35 0.5640902625838737
2.36 0.5615637351311824
2.37 0.5590231584034264
2.38 0.5565468625256311
2.39 0.5542019467947898
2.4 0.5520440135983327
2.41 0.5501190052493512
2.42 0.5484647979628436
2.43 0.547112665747256
2.44 0.5460892669358086
2.45 0.5454177497286987
2.46 0.5451184506617072
2.47 0.5452109820697109
2.48 0.5457169179487489
2.49 0.5466612928521954
2.5 0.5480719453186815
2.51 0.5499756048078522
2.52 0.552390563710824
2.53 0.5553181103693274
2.54 0.5587352280860246
2.55 0.5625903386659555
2.56 0.5668037960324626
2.57 0.5712738196355511
2.58 0.5758864034632796
2.59 0.5805258939299358
2.6 0.5850831443719429
2.61 0.5894596764818323
2.62 0.5935686681705656
2.63 0.5973364925099309
2.64 0.6007062158448249
2.65 0.6036392051068509
2.66 0.6061122598862511
2.67 0.6081122979176816
2.68 0.6096313273519888
2.69 0.6106626326793668
2.7 0.6111987982730205
2.71 0.6112326911997473
2.72 0.6107606358753469
2.73 0.6097860358021374
2.74 0.6083226378486607
2.75 0.6063964888961335
2.76 0.6040469715532193
2.77 0.6013273861948045
2.78 0.5983040146533554
2.79 0.5950544720185189
2.8 0.5916657433501074
2.81 0.5882303733962988
2.82 0.5848408533140863
2.83 0.5815823335006876
2.84 0.5785245326880992
2.85 0.5757168498231457
2.86 0.5731890426591109
2.87 0.5709556638472778
2.88 0.5690222206026738
2.89 0.567391246508979
2.9 0.5660664886888578
2.91 0.5650563457847997
2.92 0.5643778213278092
2.93 0.5640595590552852
2.94 0.5641426965017106
2.95 0.5646776346915169
2.96 0.5657140931743119
2.97 0.5672870025317889
2.98 0.5694054428067117
2.99 0.5720489014713647
3 0.5751698631857556
3.01 0.5786996809587862
3.02 0.5825561463490234
3.03 0.5866513744723567
3.04 0.5908968815016842
3.05 0.59520580406416
3.06 0.5994951780182012
3.07 0.6036884982616811
3.08 0.6077173107495693
3.09 0.6115207408855925
3.1 0.6150428238338075
3.11 0.6182312191674136
3.12 0.6210389570529118
3.13 0.6234259298518074
3.14 0.6253594056693904
3.15 0.6268146216768669
3.16 0.6277736387916032
3.17 0.6282219973391898
3.18 0.6281468694769383
3.19 0.6275395306993661
3.2 0.6264002893157228
3.21 0.6247423128837672
3.22 0.6225929358911377
3.23 0.6199936635755003
3.24 0.617001145713286
3.25 0.6136888077493574
3.26 0.6101448282213373
3.27 0.6064652352598908
3.28 0.6027467594553657
3.29 0.5990811175774112
3.3 0.5955493138200272
3.31 0.5922171475116899
3.32 0.5891330319811287
3.33 0.5863281618177256
3.34 0.5838190937917263
3.35 0.581612014883601
3.36 0.579707178633282
3.37 0.5781018244553756
3.38 0.5767928717267479
3.39 0.57578280965384
3.4 0.5750871353357705
3.41 0.5747371729805473
3.42 0.574775604363631
3.43 0.5752467460571451
3.44 0.5761845917740462
3.45 0.5776017098555735
3.46 0.57948230844037
3.47 0.5817813048055025
3.48 0.5844285902216186
3.49 0.5873367316575482
3.5 0.5904097559030694
3.51 0.593551063737336
3.52 0.596669933250622
3.53 0.5996855079260426
3.54 0.6025280269049862
3.55 0.6051374584334137
3.56 0.6074592183461009
3.57 0.609440465822882
3.58 0.6110304784546658
3.59 0.6121824610096238
3.6 0.6128535918412295
3.61 0.6130048688815509
3.62 0.6126024679363857
3.63 0.6116192071634849
3.64 0.6100357204541743
3.65 0.6078427599210274
3.66 0.6050456935255668
3.67 0.6016711702755499
3.68 0.5977724596972267
3.69 0.5934298991392488
3.7 0.5887474451150715
3.71 0.583847070636624
3.72 0.5788607592322983
3.73 0.5739198767362892
3.74 0.5691432839380195
3.75 0.5646276796326926
3.76 0.5604439788955788
3.77 0.5566402807038461
3.78 0.5532487511735492
3.79 0.5502930067473479
3.8 0.5477930761909575
3.81 0.5457663782576108
3.82 0.5442261233214192
3.83 0.5431812706510102
3.84 0.5426404892098031
3.85 0.5426181223298792
3.86 0.5431375973750305
3.87 0.544228350981762
3.88 0.5459160144370188
3.89 0.5482097121415822
3.9 0.5510916465836997
3.91 0.5545127466407038
3.92 0.5583950712614096
3.93 0.5626380493636158
3.94 0.5671251601905003
3.95 0.5717313232919063
3.96 0.5763323194178238
3.97 0.5808139261476788
3.98 0.5850778243701482
3.99 0.5890433789986713
4 0.5926445374965542
4.01 0.595824373686709
4.02 0.5985326974269219
4.03 0.6007270660402193
4.04 0.6023744721300534
4.050000000000001 0.6034536721450856
4.06 0.6039574152572547
4.07 0.6038922332535488
4.08 0.60327652794322
4.09 0.602139808449824
4.1 0.6005235846593502
4.11 0.5984826656226157
4.12 0.5960848376623203
4.13 0.5934066689374762
4.140000000000001 0.5905270564903697
4.15 0.5875223842849643
4.16 0.5844637501444103
4.17 0.5814146818028404
4.18 0.578428936202557
4.19 0.5755495349777932
4.2 0.5728096207146223
4.21 0.5702333592804594
4.220000000000001 0.5678363313308559
4.23 0.5656279015320163
4.24 0.5636160588920692
4.25 0.561811122148397
4.26 0.5602269056569287
4.27 0.5588824821908911
4.28 0.5578051163608242
4.29 0.5570313858681579
4.300000000000001 0.5566053176383192
4.31 0.5565734542916458
4.32 0.5569768305389361
4.33 0.5578417647014697
4.34 0.5591722629429228
4.35 0.5609459067803566
4.36 0.5631141992307036
4.37 0.5656074468558077
4.38 0.5683424272356272
4.390000000000001 0.5712300326788907
4.4 0.5741813393651033
4.41 0.5771119006394041
4.42 0.5799439807702823
4.43 0.5826065297027851
4.44 0.5850342354280245
4.45 0.5871675812582886
4.46 0.5889538610369605
4.470000000000001 0.5903475176873703
4.48 0.5913089599553949
4.49 0.5918030466487749
4.5 0.5917987691381676
4.51 0.5912701020115421
4.52 0.5901977002832114
4.53 0.5885716798197385
4.54 0.5863957135613684
4.55 0.5836918026553352
4.56 0.5805035879208998
4.57 0.5768968884555294
4.58 0.5729578575265488
4.59 0.5687881115355726
4.600000000000001 0.5644964108990217
4.61 0.5601888271634214
4.62 0.5559592933904749
4.63 0.5518829434113318
4.640000000000001 0.5480151844228716
4.65 0.5443952825556502
4.66 0.541051053850172
4.67 0.5380039769639529
4.68 0.5352740380094825
4.69 0.5328821367934045
4.7 0.5308502488884096
4.71 0.5292011366991791
4.720000000000001 0.5279581075707951
4.73 0.5271459520027495
4.74 0.5267938427304568
4.75 0.5269370674247047
4.76 0.5276138098919776
4.77 0.5288570372106935
4.78 0.5306849300458361
4.79 0.5330936824197705
4.8 0.5360536514941374
4.81 0.5395083444993116
4.82 0.5433772123279053
4.83 0.5475623460321579
4.84 0.5519569313191602
4.850000000000001 0.5564533529691782
4.86 0.5609491346349453
4.87 0.5653491238016941
4.88 0.5695648853023116
4.890000000000001 0.5735140621825079
4.9 0.5771205178518579
4.91 0.5803153319055274
4.92 0.5830396103199202
4.93 0.5852477048163023
4.94 0.58690785120938
4.95 0.5880008836409092
4.96 0.588519708615208
4.970000000000001 0.5884698516470415
4.98 0.5878704050177195
4.99 0.5867551012727867
5 0.5851728983248621
5.01 0.5831870659313677
5.02 0.5808717799295868
5.03 0.5783067356257092
5.04 0.5755713959275217
5.05 0.5727395473134818
5.06 0.5698755560802959
5.07 0.5670342858272872
5.08 0.5642635063811668
5.09 0.5616057111890832
5.100000000000001 0.559097829890743
5.11 0.5567699705412295
5.12 0.5546449251593524
5.13 0.5527380146961993
5.140000000000001 0.5510567536714175
5.15 0.5496016679387996
5.16 0.5483695443014717
5.17 0.5473591113425872
5.180000000000001 0.5465778653094695
5.19 0.5460473159479129
5.2 0.545803036213939
5.21 0.5458878880727052
5.220000000000001 0.5463407934987361
5.23 0.5471852206848449
5.24 0.5484207463946834
5.25 0.5500195865857092
5.26 0.5519286097466582
5.27 0.5540757333941915
5.28 0.5563783381051622
5.29 0.5587515779965058
5.3 0.5611151887213868
5.31 0.56339847796966
5.32 0.5655440624921473
5.33 0.5675094694900883
5.34 0.5692658532315296
5.350000000000001 0.5707962092206267
5.36 0.5720949687300514
5.37 0.5731675552632949
5.38 0.5740276753368061
5.390000000000001 0.5746922488451212
5.4 0.5751766630148765
5.41 0.5754923998593526
5.42 0.5756466008040413
5.430000000000001 0.575642777281129
5.44 0.5754820708889419
5.45 0.5751641252847721
5.46 0.5746872530969048
5.470000000000001 0.5740487361656348
5.48 0.5732455757344099
5.49 0.5722754147764095
