0 -3.6311
0.01 -3.6309
0.02 -3.6309
0.03 -3.6312
0.04 -3.6317
0.05 -3.6323
0.06 -3.6328
0.07 -3.6332
0.08 -3.6331
0.09 -3.6326
0.1 -3.6317
0.11 -3.6303
0.12 -3.6287
0.13 -3.6272
0.14 -3.6258
0.15 -3.6247
0.16 -3.6241
0.17 -3.6237
0.18 -3.6236
0.19 -3.6236
0.2 -3.6236
0.21 -3.6232
0.22 -3.6223
0.23 -3.6207
0.24 -3.6184
0.25 -3.6156
0.26 -3.6124
0.27 -3.6089
0.28 -3.6053
0.29 -3.6018
0.3 -3.5985
0.31 -3.5958
0.32 -3.5938
0.33 -3.5927
0.34 -3.5924
0.35 -3.5929
0.36 -3.5941
0.37 -3.5957
0.38 -3.5975
0.39 -3.5992
0.4 -3.6007
0.41 -3.6019
0.42 -3.6026
0.43 -3.603
0.44 -3.603
0.45 -3.6027
0.46 -3.6021
0.47 -3.6014
0.48 -3.6005
0.49 -3.5996
0.5 -3.5988
0.51 -3.5981
0.52 -3.5975
0.53 -3.5971
0.54 -3.5967
0.55 -3.5964
0.56 -3.5963
0.57 -3.5964
0.58 -3.5966
0.59 -3.5969
0.6 -3.5974
0.61 -3.5979
0.62 -3.5982
0.63 -3.5984
0.64 -3.5981
0.65 -3.5975
0.66 -3.5963
0.67 -3.5947
0.68 -3.5926
0.69 -3.59
0.7 -3.5871
0.71 -3.5839
0.72 -3.5808
0.73 -3.5778
0.74 -3.5753
0.75 -3.5731
0.76 -3.5716
0.77 -3.5705
0.78 -3.5698
0.79 -3.5692
0.8 -3.5686
0.81 -3.5676
0.82 -3.5665
0.83 -3.5652
0.84 -3.5641
0.85 -3.5633
0.86 -3.5628
0.87 -3.5629
0.88 -3.5635
0.89 -3.5647
0.9 -3.5663
0.91 -3.5683
0.92 -3.5706
0.93 -3.573
0.94 -3.5755
0.95 -3.5778
0.96 -3.5796
0.97 -3.5808
0.98 -3.5813
0.99 -3.5809
1 -3.58
1.01 -3.5785
1.02 -3.5767
1.03 -3.5747
1.04 -3.5726
1.05 -3.5705
1.06 -3.5687
1.07 -3.567
1.08 -3.5657
1.09 -3.5647
1.1 -3.5639
1.11 -3.5635
1.12 -3.5632
1.13 -3.5631
1.14 -3.5632
1.15 -3.5636
1.16 -3.5642
1.17 -3.565
1.18 -3.5658
1.19 -3.5664
1.2 -3.5668
1.21 -3.5667
1.22 -3.5664
1.23 -3.5657
1.24 -3.5648
1.25 -3.5636
1.26 -3.5624
1.27 -3.561
1.28 -3.5595
1.29 -3.5578
1.3 -3.5559
1.31 -3.5537
1.32 -3.551
1.33 -3.548
1.34 -3.5447
