0 -4.467
0.01 -4.4706
0.02 -4.4739
0.03 -4.4769
0.04 -4.4792
0.05 -4.4807
0.06 -4.4815
0.07 -4.4814
0.08 -4.4806
0.09 -4.479
0.1 -4.4768
0.11 -4.4741
0.12 -4.471
0.13 -4.4678
0.14 -4.4645
0.15 -4.4615
0.16 -4.4589
0.17 -4.4568
0.18 -4.4552
0.19 -4.4539
0.2 -4.453
0.21 -4.4521
0.22 -4.4512
0.23 -4.4501
0.24 -4.4485
0.25 -4.4465
0.26 -4.444
0.27 -4.4409
0.28 -4.4374
0.29 -4.4336
0.3 -4.4294
0.31 -4.4251
0.32 -4.4206
0.33 -4.4161
0.34 -4.4114
0.35 -4.4068
0.36 -4.4021
0.37 -4.3975
0.38 -4.3931
0.39 -4.3887
0.4 -4.3846
0.41 -4.3808
0.42 -4.3773
0.43 -4.3741
0.44 -4.3712
0.45 -4.3686
0.46 -4.3663
0.47 -4.3643
0.48 -4.3627
0.49 -4.3613
0.5 -4.3602
0.51 -4.3592
0.52 -4.3585
0.53 -4.3578
0.54 -4.3572
0.55 -4.3565
0.56 -4.3558
0.57 -4.3551
0.58 -4.3543
0.59 -4.3536
0.6 -4.3529
0.61 -4.3523
0.62 -4.3517
0.63 -4.3514
0.64 -4.3513
0.65 -4.3515
0.66 -4.3519
0.67 -4.3527
0.68 -4.3536
0.69 -4.3547
0.7 -4.3559
0.71 -4.357
0.72 -4.3583
0.73 -4.3598
0.74 -4.3615
0.75 -4.3633
0.76 -4.3655
0.77 -4.3678
0.78 -4.3702
0.79 -4.3727
0.8 -4.3752
0.81 -4.3777
0.82 -4.3805
0.83 -4.3836
0.84 -4.3871
0.85 -4.3912
0.86 -4.3958
0.87 -4.4009
0.88 -4.4065
0.89 -4.4124
0.9 -4.4184
0.91 -4.4243
0.92 -4.4299
0.93 -4.4351
0.94 -4.44
0.95 -4.4444
0.96 -4.4483
0.97 -4.4516
0.98 -4.4544
0.99 -4.4566
1 -4.4583
1.01 -4.4598
1.02 -4.4613
1.03 -4.4628
1.04 -4.4645
1.05 -4.4666
1.06 -4.469
1.07 -4.4718
1.08 -4.4749
1.09 -4.4782
1.1 -4.4815
1.11 -4.4847
1.12 -4.4878
1.13 -4.4906
1.14 -4.4932
1.15 -4.4953
1.16 -4.497
1.17 -4.4981
1.18 -4.4986
1.19 -4.4985
1.2 -4.4978
1.21 -4.4966
1.22 -4.4949
1.23 -4.4929
1.24 -4.4907
1.25 -4.4884
1.26 -4.4859
1.27 -4.4834
1.28 -4.4807
1.29 -4.4781
1.3 -4.4754
1.31 -4.4727
1.32 -4.47
1.33 -4.467
1.34 -4.4638
