0 -0.24445
0.01 -0.23413
0.02 -0.22383
0.03 -0.21354
0.04 -0.20321
0.05 -0.19282
0.06 -0.18229
0.07 -0.17159
0.08 -0.16069
0.09 -0.14957
0.1 -0.13821
0.11 -0.12663
0.12 -0.11482
0.13 -0.10282
0.14 -0.090641
0.15 -0.078319
0.16 -0.06589
0.17 -0.053399
0.18 -0.040893
0.19 -0.028422
0.2 -0.016033
0.21 -0.0037667
0.22 0.0083392
0.23 0.020258
0.24 0.031973
0.25 0.043475
0.26 0.05476
0.27 0.065826
0.28 0.076669
0.29 0.087282
0.3 0.097656
0.31 0.10779
0.32 0.11769
0.33 0.12739
0.34 0.1369
0.35 0.14628
0.36 0.15555
0.37 0.16475
0.38 0.17392
0.39 0.18309
0.4 0.19229
0.41 0.20153
0.42 0.21083
0.43 0.22021
0.44 0.22967
0.45 0.23921
0.46 0.24883
0.47 0.25852
0.48 0.26827
0.49 0.27807
0.5 0.28792
0.51 0.2978
0.52 0.30772
0.53 0.31766
0.54 0.32764
0.55 0.33766
0.56 0.34771
0.57 0.35781
0.58 0.36796
0.59 0.37818
0.6 0.38848
0.61 0.39887
0.62 0.40936
0.63 0.41997
0.64 0.43069
0.65 0.44154
0.66 0.45254
0.67 0.4637
0.68 0.47506
0.69 0.48662
0.7 0.49841
0.71 0.51043
0.72 0.52268
0.73 0.53512
0.74 0.54773
0.75 0.56047
0.76 0.57328
0.77 0.5861
0.78 0.59886
0.79 0.61152
0.8 0.62401
0.81 0.6363
0.82 0.64836
0.83 0.66017
0.84 0.6717
0.85 0.68295
0.86 0.69392
0.87 0.70462
0.88 0.71505
0.89 0.72526
0.9 0.73528
0.91 0.74516
0.92 0.75494
0.93 0.76464
0.94 0.7743
0.95 0.78394
0.96 0.79361
0.97 0.80331
0.98 0.81308
0.99 0.82291
1 0.8328
1.01 0.84276
1.02 0.85277
1.03 0.86284
1.04 0.87295
1.05 0.8831
1.06 0.89328
1.07 0.90348
1.08 0.91371
1.09 0.92396
1.1 0.93425
1.11 0.94458
1.12 0.95496
1.13 0.9654
1.14 0.97591
1.15 0.9865
1.16 0.99719
1.17 1.008
1.18 1.019
1.19 1.0302
1.2 1.0415
1.21 1.0531
1.22 1.0648
1.23 1.0768
1.24 1.0889
1.25 1.1012
1.26 1.1137
1.27 1.1264
1.28 1.1393
1.29 1.1524
1.3 1.1657
1.31 1.1791
1.32 1.1926
1.33 1.2059
1.34 1.2188
