0 -0.14204
0.01 -0.14597
0.02 -0.1502
0.03 -0.15505
0.04 -0.16076
0.05 -0.16749
0.06 -0.17524
0.07 -0.18393
0.08 -0.19336
0.09 -0.20324
0.1 -0.21325
0.11 -0.22305
0.12 -0.23228
0.13 -0.24053
0.14 -0.24737
0.15 -0.25232
0.16 -0.25491
0.17 -0.25467
0.18 -0.25117
0.19 -0.24412
0.2 -0.23331
0.21 -0.21869
0.22 -0.20031
0.23 -0.17839
0.24 -0.15324
0.25 -0.12524
0.26 -0.094814
0.27 -0.062444
0.28 -0.0286
0.29 0.0062919
0.3 0.041881
0.31 0.077879
0.32 0.11402
0.33 0.15007
0.34 0.18578
0.35 0.22097
0.36 0.25548
0.37 0.28913
0.38 0.32176
0.39 0.35312
0.4 0.38292
0.41 0.41084
0.42 0.43659
0.43 0.45991
0.44 0.48059
0.45 0.49849
0.46 0.51356
0.47 0.52584
0.48 0.53546
0.49 0.54257
0.5 0.54736
0.51 0.55002
0.52 0.55074
0.53 0.54972
0.54 0.54716
0.55 0.54326
0.56 0.53819
0.57 0.53219
0.58 0.52555
0.59 0.51871
0.6 0.51221
0.61 0.50644
0.62 0.50153
0.63 0.49741
0.64 0.49391
0.65 0.49076
0.66 0.48769
0.67 0.4844
0.68 0.48061
0.69 0.47612
0.7 0.47075
0.71 0.46434
0.72 0.45671
0.73 0.4478
0.74 0.43765
0.75 0.4264
0.76 0.41426
0.77 0.4015
0.78 0.38842
0.79 0.37532
0.8 0.36225
0.81 0.34903
0.82 0.3353
0.83 0.32079
0.84 0.30531
0.85 0.28881
0.86 0.2714
0.87 0.25335
0.88 0.23504
0.89 0.21684
0.9 0.19897
0.91 0.1815
0.92 0.16436
0.93 0.14737
0.94 0.13036
0.95 0.11316
0.96 0.095724
0.97 0.078079
0.98 0.06033
0.99 0.042602
1 0.025019
1.01 0.0077204
1.02 -0.0091092
1.03 -0.02524
1.04 -0.040456
1.05 -0.054621
1.06 -0.067688
1.07 -0.07969
1.08 -0.09074
1.09 -0.10102
1.1 -0.11078
1.11 -0.12023
1.12 -0.12964
1.13 -0.13923
1.14 -0.14924
1.15 -0.15984
1.16 -0.17106
1.17 -0.18286
1.18 -0.19504
1.19 -0.20729
1.2 -0.21921
1.21 -0.23042
1.22 -0.24058
1.23 -0.24944
1.24 -0.25684
1.25 -0.26262
1.26 -0.26664
1.27 -0.26874
1.28 -0.26877
1.29 -0.26664
1.3 -0.26242
1.31 -0.25639
1.32 -0.24909
1.33 -0.24133
1.34 -0.23398
