0 -0.10315
0.01 -0.1184
0.02 -0.13373
0.03 -0.14862
0.04 -0.16274
0.05 -0.17591
0.06 -0.18815
0.07 -0.19963
0.08 -0.21062
0.09 -0.22154
0.1 -0.23283
0.11 -0.24497
0.12 -0.25848
0.13 -0.27393
0.14 -0.29193
0.15 -0.31309
0.16 -0.33801
0.17 -0.36724
0.18 -0.40115
0.19 -0.43994
0.2 -0.48354
0.21 -0.53166
0.22 -0.58374
0.23 -0.63903
0.24 -0.69656
0.25 -0.75511
0.26 -0.81331
0.27 -0.86966
0.28 -0.92271
0.29 -0.97125
0.3 -1.0145
0.31 -1.0518
0.32 -1.0833
0.33 -1.109
0.34 -1.129
0.35 -1.1436
0.36 -1.1531
0.37 -1.1577
0.38 -1.1575
0.39 -1.1525
0.4 -1.1427
0.41 -1.128
0.42 -1.1084
0.43 -1.084
0.44 -1.0549
0.45 -1.0212
0.46 -0.98303
0.47 -0.94079
0.48 -0.89488
0.49 -0.8458
0.5 -0.7941
0.51 -0.7403
0.52 -0.68497
0.53 -0.62872
0.54 -0.57226
0.55 -0.51634
0.56 -0.46178
0.57 -0.40944
0.58 -0.36038
0.59 -0.31588
0.6 -0.27733
0.61 -0.2458
0.62 -0.22173
0.63 -0.20503
0.64 -0.19524
0.65 -0.19168
0.66 -0.1934
0.67 -0.19936
0.68 -0.20845
0.69 -0.21968
0.7 -0.23214
0.71 -0.24505
0.72 -0.25788
0.73 -0.27042
0.74 -0.28271
0.75 -0.29487
0.76 -0.30693
0.77 -0.31888
0.78 -0.33067
0.79 -0.34216
0.8 -0.35284
0.81 -0.36187
0.82 -0.36833
0.83 -0.37158
0.84 -0.37129
0.85 -0.36743
0.86 -0.36032
0.87 -0.35061
0.88 -0.33916
0.89 -0.3268
0.9 -0.31419
0.91 -0.30171
0.92 -0.28949
0.93 -0.27745
0.94 -0.26539
0.95 -0.25307
0.96 -0.24038
0.97 -0.22738
0.98 -0.21427
0.99 -0.20132
1 -0.18884
1.01 -0.17717
1.02 -0.16669
1.03 -0.15784
1.04 -0.15102
1.05 -0.14645
1.06 -0.14412
1.07 -0.14392
1.08 -0.14557
1.09 -0.14873
1.1 -0.15302
1.11 -0.15807
1.12 -0.16352
1.13 -0.16903
1.14 -0.17429
1.15 -0.1791
1.16 -0.18345
1.17 -0.18751
1.18 -0.19166
1.19 -0.19646
1.2 -0.20259
1.21 -0.21073
1.22 -0.22148
1.23 -0.23523
1.24 -0.25214
1.25 -0.27232
1.26 -0.29588
1.27 -0.32295
1.28 -0.35359
1.29 -0.38766
1.3 -0.42473
1.31 -0.46394
1.32 -0.50394
1.33 -0.54295
1.34 -0.57891
