0 -5.827
0.01 -5.8234
0.02 -5.8192
0.03 -5.8138
0.04 -5.8063
0.05 -5.7958
0.06 -5.7815
0.07 -5.7631
0.08 -5.7403
0.09 -5.7131
0.1 -5.6816
0.11 -5.646
0.12 -5.6067
0.13 -5.5642
0.14 -5.5192
0.15 -5.4729
0.16 -5.4272
0.17 -5.3845
0.18 -5.3479
0.19 -5.3207
0.2 -5.3058
0.21 -5.3055
0.22 -5.32
0.23 -5.3467
0.24 -5.3809
0.25 -5.4169
0.26 -5.4501
0.27 -5.4777
0.28 -5.499
0.29 -5.5142
0.3 -5.5242
0.31 -5.5297
0.32 -5.5319
0.33 -5.532
0.34 -5.5316
0.35 -5.5323
0.36 -5.535
0.37 -5.5398
0.38 -5.5468
0.39 -5.5556
0.4 -5.5656
0.41 -5.5762
0.42 -5.5868
0.43 -5.597
0.44 -5.6067
0.45 -5.6158
0.46 -5.6245
0.47 -5.6329
0.48 -5.6411
0.49 -5.6487
0.5 -5.6554
0.51 -5.6602
0.52 -5.6626
0.53 -5.6618
0.54 -5.658
0.55 -5.6516
0.56 -5.6439
0.57 -5.6358
0.58 -5.628
0.59 -5.6207
0.6 -5.6139
0.61 -5.6073
0.62 -5.6007
0.63 -5.5944
0.64 -5.5888
0.65 -5.5847
0.66 -5.5832
0.67 -5.5855
0.68 -5.5929
0.69 -5.6064
0.7 -5.627
0.71 -5.6551
0.72 -5.6897
0.73 -5.7284
0.74 -5.7674
0.75 -5.8032
0.76 -5.833
0.77 -5.8557
0.78 -5.8714
0.79 -5.8812
0.8 -5.8863
0.81 -5.8883
0.82 -5.8884
0.83 -5.8875
0.84 -5.8862
0.85 -5.8851
0.86 -5.8843
0.87 -5.8838
0.88 -5.8836
0.89 -5.8836
0.9 -5.8836
0.91 -5.8834
0.92 -5.8829
0.93 -5.8819
0.94 -5.8805
0.95 -5.8787
0.96 -5.8767
0.97 -5.8747
0.98 -5.8728
0.99 -5.871
1 -5.8692
1.01 -5.8673
1.02 -5.8652
1.03 -5.863
1.04 -5.8604
1.05 -5.8576
1.06 -5.8545
1.07 -5.8514
1.08 -5.8482
1.09 -5.8449
1.1 -5.8412
1.11 -5.8367
1.12 -5.8309
1.13 -5.8235
1.14 -5.814
1.15 -5.802
1.16 -5.7873
1.17 -5.7696
1.18 -5.7487
1.19 -5.7245
1.2 -5.6968
1.21 -5.6657
1.22 -5.6311
1.23 -5.593
1.24 -5.5519
1.25 -5.5084
1.26 -5.4633
1.27 -5.4177
1.28 -5.3735
1.29 -5.3327
1.3 -5.298
1.31 -5.2722
1.32 -5.2578
1.33 -5.2561
1.34 -5.2659
