0 -0.10622
0.01 -0.10849
0.02 -0.11073
0.03 -0.11261
0.04 -0.11389
0.05 -0.11441
0.06 -0.11416
0.07 -0.11317
0.08 -0.11146
0.09 -0.10906
0.1 -0.10598
0.11 -0.10221
0.12 -0.097773
0.13 -0.092741
0.14 -0.087238
0.15 -0.081422
0.16 -0.075475
0.17 -0.069574
0.18 -0.063851
0.19 -0.058371
0.2 -0.053126
0.21 -0.048071
0.22 -0.043153
0.23 -0.038331
0.24 -0.033572
0.25 -0.028842
0.26 -0.024101
0.27 -0.019309
0.28 -0.014416
0.29 -0.0093707
0.3 -0.0041314
0.31 0.0013186
0.32 0.0069649
0.33 0.012764
0.34 0.018638
0.35 0.024474
0.36 0.030137
0.37 0.035503
0.38 0.040481
0.39 0.045022
0.4 0.049097
0.41 0.052697
0.42 0.055816
0.43 0.05845
0.44 0.060591
0.45 0.062258
0.46 0.063522
0.47 0.064477
0.48 0.06521
0.49 0.065793
0.5 0.066299
0.51 0.066796
0.52 0.06733
0.53 0.067921
0.54 0.068583
0.55 0.069327
0.56 0.070154
0.57 0.071051
0.58 0.071984
0.59 0.072902
0.6 0.073754
0.61 0.074495
0.62 0.075089
0.63 0.075502
0.64 0.075686
0.65 0.075577
0.66 0.075089
0.67 0.074124
0.68 0.072568
0.69 0.070299
0.7 0.067218
0.71 0.063278
0.72 0.058481
0.73 0.052861
0.74 0.046505
0.75 0.039578
0.76 0.032329
0.77 0.025059
0.78 0.018061
0.79 0.011583
0.8 0.0057932
0.81 0.00078338
0.82 -0.0034194
0.83 -0.0068375
0.84 -0.0095241
0.85 -0.011549
0.86 -0.013002
0.87 -0.014006
0.88 -0.014736
0.89 -0.015417
0.9 -0.016277
0.91 -0.017498
0.92 -0.019209
0.93 -0.021481
0.94 -0.024329
0.95 -0.027736
0.96 -0.03168
0.97 -0.036119
0.98 -0.040966
0.99 -0.04606
1 -0.05118
1.01 -0.056101
1.02 -0.060663
1.03 -0.0648
1.04 -0.068506
1.05 -0.071806
1.06 -0.074732
1.07 -0.0773
1.08 -0.07951
1.09 -0.081372
1.1 -0.082894
1.11 -0.084065
1.12 -0.084856
1.13 -0.085258
1.14 -0.085269
1.15 -0.084895
1.16 -0.084165
1.17 -0.083134
1.18 -0.081851
1.19 -0.080353
1.2 -0.078642
1.21 -0.076685
1.22 -0.074422
1.23 -0.071811
1.24 -0.068848
1.25 -0.065575
1.26 -0.062059
1.27 -0.058339
1.28 -0.054418
1.29 -0.05027
1.3 -0.045827
1.31 -0.040954
1.32 -0.035436
1.33 -0.029019
1.34 -0.021503
