0 1.0739
0.01 1.0719
0.02 1.0699
0.03 1.0679
0.04 1.0661
0.05 1.0643
0.06 1.0626
0.07 1.0611
0.08 1.0598
0.09 1.0586
0.1 1.0576
0.11 1.0568
0.12 1.0562
0.13 1.0559
0.14 1.0558
0.15 1.0559
0.16 1.0563
0.17 1.057
0.18 1.058
0.19 1.0592
0.2 1.0605
0.21 1.062
0.22 1.0636
0.23 1.0653
0.24 1.067
0.25 1.0688
0.26 1.0705
0.27 1.0723
0.28 1.074
0.29 1.0758
0.3 1.0775
0.31 1.0793
0.32 1.081
0.33 1.0828
0.34 1.0845
0.35 1.0861
0.36 1.0877
0.37 1.0892
0.38 1.0905
0.39 1.0917
0.4 1.0927
0.41 1.0935
0.42 1.094
0.43 1.0944
0.44 1.0945
0.45 1.0944
0.46 1.094
0.47 1.0935
0.48 1.0928
0.49 1.0919
0.5 1.0908
0.51 1.0896
0.52 1.0883
0.53 1.0868
0.54 1.0852
0.55 1.0835
0.56 1.0817
0.57 1.0799
0.58 1.078
0.59 1.076
0.6 1.0741
0.61 1.0722
0.62 1.0703
0.63 1.0685
0.64 1.0669
0.65 1.0654
0.66 1.064
0.67 1.0627
0.68 1.0616
0.69 1.0607
0.7 1.06
0.71 1.0595
0.72 1.0593
0.73 1.0593
0.74 1.0596
0.75 1.0601
0.76 1.0609
0.77 1.0618
0.78 1.0629
0.79 1.0642
0.8 1.0655
0.81 1.0669
0.82 1.0683
0.83 1.0697
0.84 1.0711
0.85 1.0725
0.86 1.074
0.87 1.0754
0.88 1.0769
0.89 1.0783
0.9 1.0797
0.91 1.0811
0.92 1.0824
0.93 1.0836
0.94 1.0847
0.95 1.0857
0.96 1.0864
0.97 1.087
0.98 1.0874
0.99 1.0875
1 1.0874
1.01 1.087
1.02 1.0864
1.03 1.0855
1.04 1.0845
1.05 1.0832
1.06 1.0818
1.07 1.0802
1.08 1.0786
1.09 1.0768
1.1 1.075
1.11 1.0731
1.12 1.0712
1.13 1.0692
1.14 1.0673
1.15 1.0655
1.16 1.0637
1.17 1.0621
1.18 1.0605
1.19 1.0591
1.2 1.0579
1.21 1.0568
1.22 1.0558
1.23 1.055
1.24 1.0544
1.25 1.054
1.26 1.0537
1.27 1.0536
1.28 1.0538
1.29 1.0542
1.3 1.0549
1.31 1.0558
1.32 1.0568
1.33 1.058
1.34 1.0592
