0 -4.589
0.01 -4.5841
0.02 -4.5794
0.03 -4.5755
0.04 -4.5725
0.05 -4.5706
0.06 -4.5697
0.07 -4.5698
0.08 -4.5706
0.09 -4.5721
0.1 -4.5742
0.11 -4.5769
0.12 -4.5801
0.13 -4.5837
0.14 -4.5878
0.15 -4.5923
0.16 -4.597
0.17 -4.6019
0.18 -4.6068
0.19 -4.6116
0.2 -4.6162
0.21 -4.6206
0.22 -4.6248
0.23 -4.6288
0.24 -4.6327
0.25 -4.6366
0.26 -4.6406
0.27 -4.6449
0.28 -4.6494
0.29 -4.6543
0.3 -4.6594
0.31 -4.6648
0.32 -4.6702
0.33 -4.6755
0.34 -4.6807
0.35 -4.6855
0.36 -4.6898
0.37 -4.6935
0.38 -4.6965
0.39 -4.6989
0.4 -4.7008
0.41 -4.7023
0.42 -4.7035
0.43 -4.7046
0.44 -4.7056
0.45 -4.7065
0.46 -4.7076
0.47 -4.7087
0.48 -4.71
0.49 -4.7114
0.5 -4.713
0.51 -4.7147
0.52 -4.7166
0.53 -4.7185
0.54 -4.7205
0.55 -4.7226
0.56 -4.7247
0.57 -4.7271
0.58 -4.7295
0.59 -4.732
0.6 -4.7346
0.61 -4.7373
0.62 -4.7399
0.63 -4.7424
0.64 -4.7449
0.65 -4.7472
0.66 -4.7492
0.67 -4.751
0.68 -4.7523
0.69 -4.7532
0.7 -4.7537
0.71 -4.7536
0.72 -4.7533
0.73 -4.7526
0.74 -4.7518
0.75 -4.7508
0.76 -4.7496
0.77 -4.7483
0.78 -4.7466
0.79 -4.7445
0.8 -4.7419
0.81 -4.7384
0.82 -4.7341
0.83 -4.729
0.84 -4.7232
0.85 -4.7169
0.86 -4.7102
0.87 -4.7035
0.88 -4.6969
0.89 -4.6904
0.9 -4.6841
0.91 -4.6782
0.92 -4.6728
0.93 -4.6678
0.94 -4.6634
0.95 -4.6592
0.96 -4.6552
0.97 -4.651
0.98 -4.6466
0.99 -4.6419
1 -4.6371
1.01 -4.6322
1.02 -4.6275
1.03 -4.623
1.04 -4.6187
1.05 -4.6146
1.06 -4.6106
1.07 -4.6069
1.08 -4.6034
1.09 -4.6001
1.1 -4.597
1.11 -4.5941
1.12 -4.5915
1.13 -4.5891
1.14 -4.587
1.15 -4.5854
1.16 -4.5842
1.17 -4.5835
1.18 -4.5832
1.19 -4.5834
1.2 -4.5841
1.21 -4.5851
1.22 -4.5866
1.23 -4.5885
1.24 -4.5907
1.25 -4.5933
1.26 -4.596
1.27 -4.5991
1.28 -4.6024
1.29 -4.6061
1.3 -4.6102
1.31 -4.6148
1.32 -4.6199
1.33 -4.6257
1.34 -4.6321
