0 4.7077
0.01 4.7067
0.02 4.706
0.03 4.7056
0.04 4.7056
0.05 4.7058
0.06 4.7063
0.07 4.7071
0.08 4.708
0.09 4.7092
0.1 4.7105
0.11 4.712
0.12 4.7137
0.13 4.7157
0.14 4.7179
0.15 4.7204
0.16 4.7231
0.17 4.7259
0.18 4.7289
0.19 4.732
0.2 4.7349
0.21 4.7377
0.22 4.7402
0.23 4.7423
0.24 4.744
0.25 4.7452
0.26 4.7459
0.27 4.746
0.28 4.7457
0.29 4.7449
0.3 4.7436
0.31 4.7421
0.32 4.7402
0.33 4.7382
0.34 4.7361
0.35 4.734
0.36 4.732
0.37 4.7301
0.38 4.7282
0.39 4.7265
0.4 4.7248
0.41 4.7231
0.42 4.7216
0.43 4.7201
0.44 4.7187
0.45 4.7175
0.46 4.7162
0.47 4.7151
0.48 4.714
0.49 4.7129
0.5 4.7118
0.51 4.7108
0.52 4.7098
0.53 4.7089
0.54 4.7081
0.55 4.7074
0.56 4.7069
0.57 4.7066
0.58 4.7064
0.59 4.7065
0.6 4.7068
0.61 4.7073
0.62 4.7079
0.63 4.7086
0.64 4.7094
0.65 4.7102
0.66 4.711
0.67 4.7119
0.68 4.7129
0.69 4.7141
0.7 4.7155
0.71 4.7171
0.72 4.719
0.73 4.7213
0.74 4.7238
0.75 4.7266
0.76 4.7296
0.77 4.7327
0.78 4.7358
0.79 4.7387
0.8 4.7412
0.81 4.7433
0.82 4.7449
0.83 4.7459
0.84 4.7464
0.85 4.7465
0.86 4.7461
0.87 4.7453
0.88 4.7442
0.89 4.7428
0.9 4.7413
0.91 4.7396
0.92 4.7379
0.93 4.7362
0.94 4.7346
0.95 4.7331
0.96 4.7317
0.97 4.7302
0.98 4.7287
0.99 4.7272
1 4.7257
1.01 4.7242
1.02 4.7227
1.03 4.7212
1.04 4.7198
1.05 4.7183
1.06 4.7168
1.07 4.7154
1.08 4.714
1.09 4.7126
1.1 4.7112
1.11 4.71
1.12 4.7088
1.13 4.7079
1.14 4.7071
1.15 4.7066
1.16 4.7064
1.17 4.7064
1.18 4.7068
1.19 4.7076
1.2 4.7086
1.21 4.7099
1.22 4.7116
1.23 4.7136
1.24 4.716
1.25 4.7188
1.26 4.7219
1.27 4.7253
1.28 4.729
1.29 4.7329
1.3 4.7367
1.31 4.7403
1.32 4.7435
1.33 4.746
1.34 4.7477
