0 -0.33785
0.01 -0.28766
0.02 -0.24082
0.03 -0.19938
0.04 -0.16493
0.05 -0.13854
0.06 -0.12074
0.07 -0.11152
0.08 -0.11035
0.09 -0.11623
0.1 -0.12781
0.11 -0.14352
0.12 -0.16174
0.13 -0.18104
0.14 -0.20038
0.15 -0.21914
0.16 -0.23705
0.17 -0.25399
0.18 -0.26984
0.19 -0.28448
0.2 -0.29773
0.21 -0.30939
0.22 -0.31919
0.23 -0.32684
0.24 -0.33205
0.25 -0.33462
0.26 -0.33444
0.27 -0.33153
0.28 -0.32608
0.29 -0.31843
0.3 -0.30905
0.31 -0.2984
0.32 -0.28691
0.33 -0.27491
0.34 -0.26263
0.35 -0.25022
0.36 -0.23774
0.37 -0.22524
0.38 -0.21279
0.39 -0.20045
0.4 -0.18837
0.41 -0.1767
0.42 -0.16561
0.43 -0.15529
0.44 -0.14593
0.45 -0.13773
0.46 -0.13088
0.47 -0.12552
0.48 -0.12174
0.49 -0.11957
0.5 -0.11896
0.51 -0.11982
0.52 -0.122
0.53 -0.12529
0.54 -0.12946
0.55 -0.13424
0.56 -0.13935
0.57 -0.14457
0.58 -0.1497
0.59 -0.15466
0.6 -0.15945
0.61 -0.16419
0.62 -0.16913
0.63 -0.17458
0.64 -0.18094
0.65 -0.18862
0.66 -0.19802
0.67 -0.20952
0.68 -0.22344
0.69 -0.24007
0.7 -0.25966
0.71 -0.2824
0.72 -0.30847
0.73 -0.33795
0.74 -0.3709
0.75 -0.40732
0.76 -0.44716
0.77 -0.49028
0.78 -0.53653
0.79 -0.58564
0.8 -0.63723
0.81 -0.69071
0.82 -0.74526
0.83 -0.79987
0.84 -0.85337
0.85 -0.90455
0.86 -0.95225
0.87 -0.99552
0.88 -1.0336
0.89 -1.0661
0.9 -1.0927
0.91 -1.1133
0.92 -1.1279
0.93 -1.1364
0.94 -1.1391
0.95 -1.136
0.96 -1.1273
0.97 -1.1131
0.98 -1.0935
0.99 -1.0688
1 -1.039
1.01 -1.0044
1.02 -0.96513
1.03 -0.92135
1.04 -0.8734
1.05 -0.82168
1.06 -0.76672
1.07 -0.70919
1.08 -0.64985
1.09 -0.58961
1.1 -0.52946
1.11 -0.47052
1.12 -0.41401
1.13 -0.36117
1.14 -0.31325
1.15 -0.27136
1.16 -0.23645
1.17 -0.20917
1.18 -0.18989
1.19 -0.17858
1.2 -0.1748
1.21 -0.17771
1.22 -0.18609
1.23 -0.1985
1.24 -0.21331
1.25 -0.22894
1.26 -0.24401
1.27 -0.25754
1.28 -0.26901
1.29 -0.27825
1.3 -0.28516
1.31 -0.28952
1.32 -0.29106
1.33 -0.28959
1.34 -0.28513
