0 0.51808
0.01 0.50986
0.02 0.50239
0.03 0.49574
0.04 0.48992
0.05 0.48489
0.06 0.48059
0.07 0.47693
0.08 0.4738
0.09 0.47103
0.1 0.46841
0.11 0.46566
0.12 0.4625
0.13 0.45865
0.14 0.45388
0.15 0.44799
0.16 0.44087
0.17 0.43253
0.18 0.42302
0.19 0.41246
0.2 0.40101
0.21 0.38881
0.22 0.37596
0.23 0.36253
0.24 0.34854
0.25 0.33396
0.26 0.3188
0.27 0.30306
0.28 0.28681
0.29 0.27018
0.3 0.25335
0.31 0.23652
0.32 0.2198
0.33 0.20325
0.34 0.18683
0.35 0.17051
0.36 0.15421
0.37 0.13789
0.38 0.12155
0.39 0.10519
0.4 0.088849
0.41 0.07259
0.42 0.056495
0.43 0.040665
0.44 0.02521
0.45 0.010233
0.46 -0.0041563
0.47 -0.017857
0.48 -0.0308
0.49 -0.042963
0.5 -0.05437
0.51 -0.065086
0.52 -0.075212
0.53 -0.084894
0.54 -0.094315
0.55 -0.10368
0.56 -0.11317
0.57 -0.12297
0.58 -0.1332
0.59 -0.14394
0.6 -0.15516
0.61 -0.16676
0.62 -0.17857
0.63 -0.19036
0.64 -0.20186
0.65 -0.21283
0.66 -0.22303
0.67 -0.23227
0.68 -0.24041
0.69 -0.24733
0.7 -0.25289
0.71 -0.25693
0.72 -0.2593
0.73 -0.25981
0.74 -0.25828
0.75 -0.2545
0.76 -0.24825
0.77 -0.23933
0.78 -0.22752
0.79 -0.21265
0.8 -0.19461
0.81 -0.17341
0.82 -0.14914
0.83 -0.12201
0.84 -0.092286
0.85 -0.060267
0.86 -0.026288
0.87 0.0093005
0.88 0.046129
0.89 0.083794
0.9 0.12186
0.91 0.15988
0.92 0.19741
0.93 0.23408
0.94 0.26954
0.95 0.30353
0.96 0.33583
0.97 0.36626
0.98 0.39462
0.99 0.42072
1 0.44439
1.01 0.46548
1.02 0.48388
1.03 0.49954
1.04 0.51248
1.05 0.52278
1.06 0.53058
1.07 0.53608
1.08 0.53947
1.09 0.54097
1.1 0.5408
1.11 0.5392
1.12 0.53646
1.13 0.53282
1.14 0.52854
1.15 0.52381
1.16 0.5188
1.17 0.5136
1.18 0.50829
1.19 0.50287
1.2 0.49731
1.21 0.49154
1.22 0.48541
1.23 0.47877
1.24 0.47141
1.25 0.46313
1.26 0.45366
1.27 0.44278
1.28 0.43031
1.29 0.41621
1.3 0.40052
1.31 0.38339
1.32 0.36504
1.33 0.34587
1.34 0.32647
