0 1.1881
0.01 1.1818
0.02 1.1755
0.03 1.1697
0.04 1.1644
0.05 1.1595
0.06 1.1547
0.07 1.1493
0.08 1.1424
0.09 1.1334
0.1 1.1216
0.11 1.1073
0.12 1.0914
0.13 1.0753
0.14 1.0611
0.15 1.0506
0.16 1.045
0.17 1.0451
0.18 1.0506
0.19 1.0609
0.2 1.0747
0.21 1.0908
0.22 1.1079
0.23 1.1252
0.24 1.1418
0.25 1.1572
0.26 1.1711
0.27 1.1833
0.28 1.1939
0.29 1.2031
0.3 1.211
0.31 1.218
0.32 1.2243
0.33 1.23
0.34 1.2354
0.35 1.2404
0.36 1.2451
0.37 1.2497
0.38 1.2542
0.39 1.2586
0.4 1.2629
0.41 1.2674
0.42 1.272
0.43 1.2768
0.44 1.2819
0.45 1.2874
0.46 1.2933
0.47 1.2998
0.48 1.307
0.49 1.3147
0.5 1.3231
0.51 1.3321
0.52 1.3417
0.53 1.3517
0.54 1.3622
0.55 1.3728
0.56 1.3832
0.57 1.3932
0.58 1.4026
0.59 1.411
0.6 1.4182
0.61 1.424
0.62 1.4281
0.63 1.4305
0.64 1.431
0.65 1.4296
0.66 1.4263
0.67 1.4207
0.68 1.4126
0.69 1.4014
0.7 1.3866
0.71 1.3674
0.72 1.3433
0.73 1.314
0.74 1.2797
0.75 1.2409
0.76 1.1991
0.77 1.156
0.78 1.1138
0.79 1.0747
0.8 1.0409
0.81 1.014
0.82 0.99504
0.83 0.9841
0.84 0.98082
0.85 0.98441
0.86 0.99378
0.87 1.0078
0.88 1.0252
0.89 1.0451
0.9 1.0666
0.91 1.0886
0.92 1.1108
0.93 1.1324
0.94 1.1529
0.95 1.172
0.96 1.1896
0.97 1.2055
0.98 1.2197
0.99 1.2322
1 1.2428
1.01 1.2514
1.02 1.2579
1.03 1.2621
1.04 1.2638
1.05 1.263
1.06 1.2595
1.07 1.2534
1.08 1.2449
1.09 1.2342
1.1 1.2217
1.11 1.208
1.12 1.1939
1.13 1.1801
1.14 1.1677
1.15 1.1571
1.16 1.1486
1.17 1.1421
1.18 1.1374
1.19 1.1338
1.2 1.1307
1.21 1.1272
1.22 1.1227
1.23 1.117
1.24 1.1102
1.25 1.1032
1.26 1.0969
1.27 1.0927
1.28 1.092
1.29 1.0952
1.3 1.1023
1.31 1.1122
1.32 1.1238
1.33 1.1355
1.34 1.1465
