0 -5.6596
0.01 -5.6561
0.02 -5.6517
0.03 -5.6467
0.04 -5.6419
0.05 -5.6377
0.06 -5.6346
0.07 -5.6327
0.08 -5.6317
0.09 -5.6314
0.1 -5.6315
0.11 -5.632
0.12 -5.6335
0.13 -5.6368
0.14 -5.6432
0.15 -5.6536
0.16 -5.6687
0.17 -5.6887
0.18 -5.7123
0.19 -5.7378
0.2 -5.7632
0.21 -5.7869
0.22 -5.8076
0.23 -5.8247
0.24 -5.838
0.25 -5.8479
0.26 -5.8546
0.27 -5.8586
0.28 -5.8607
0.29 -5.8613
0.3 -5.861
0.31 -5.8601
0.32 -5.8588
0.33 -5.8572
0.34 -5.8555
0.35 -5.8536
0.36 -5.8517
0.37 -5.8496
0.38 -5.8476
0.39 -5.8455
0.4 -5.8434
0.41 -5.8413
0.42 -5.8391
0.43 -5.8369
0.44 -5.8346
0.45 -5.8322
0.46 -5.8298
0.47 -5.8272
0.48 -5.8247
0.49 -5.8222
0.5 -5.8198
0.51 -5.8177
0.52 -5.8159
0.53 -5.8142
0.54 -5.8126
0.55 -5.8107
0.56 -5.8083
0.57 -5.805
0.58 -5.8007
0.59 -5.7951
0.6 -5.7879
0.61 -5.7789
0.62 -5.7676
0.63 -5.754
0.64 -5.7377
0.65 -5.7187
0.66 -5.6967
0.67 -5.6714
0.68 -5.6424
0.69 -5.6095
0.7 -5.5723
0.71 -5.5309
0.72 -5.4857
0.73 -5.438
0.74 -5.3902
0.75 -5.3456
0.76 -5.3086
0.77 -5.284
0.78 -5.2766
0.79 -5.2894
0.8 -5.322
0.81 -5.3699
0.82 -5.425
0.83 -5.479
0.84 -5.5262
0.85 -5.5644
0.86 -5.5937
0.87 -5.615
0.88 -5.6294
0.89 -5.6379
0.9 -5.6414
0.91 -5.6411
0.92 -5.6383
0.93 -5.6346
0.94 -5.6312
0.95 -5.6292
0.96 -5.6291
0.97 -5.6314
0.98 -5.6358
0.99 -5.6418
1 -5.6489
1.01 -5.6567
1.02 -5.6646
1.03 -5.6726
1.04 -5.6801
1.05 -5.6869
1.06 -5.6927
1.07 -5.6971
1.08 -5.6997
1.09 -5.7001
1.1 -5.6981
1.11 -5.6935
1.12 -5.6867
1.13 -5.6782
1.14 -5.6685
1.15 -5.6584
1.16 -5.6483
1.17 -5.6387
1.18 -5.6302
1.19 -5.623
1.2 -5.6177
1.21 -5.6144
1.22 -5.6138
1.23 -5.6169
1.24 -5.6249
1.25 -5.639
1.26 -5.6597
1.27 -5.6865
1.28 -5.7179
1.29 -5.7515
1.3 -5.7845
1.31 -5.8145
1.32 -5.8402
1.33 -5.8613
1.34 -5.8783
