0 1.3928
0.01 1.4075
0.02 1.4217
0.03 1.4346
0.04 1.4454
0.05 1.4534
0.06 1.4582
0.07 1.4593
0.08 1.4567
0.09 1.4503
0.1 1.4401
0.11 1.4263
0.12 1.4087
0.13 1.3874
0.14 1.3622
0.15 1.3334
0.16 1.3015
0.17 1.2671
0.18 1.2313
0.19 1.1953
0.2 1.1606
0.21 1.1287
0.22 1.101
0.23 1.079
0.24 1.0634
0.25 1.0545
0.26 1.0521
0.27 1.0556
0.28 1.0637
0.29 1.0755
0.3 1.0897
0.31 1.1055
0.32 1.122
0.33 1.1388
0.34 1.1555
0.35 1.172
0.36 1.188
0.37 1.2034
0.38 1.218
0.39 1.2315
0.4 1.2438
0.41 1.2548
0.42 1.2644
0.43 1.2725
0.44 1.2791
0.45 1.2839
0.46 1.2869
0.47 1.2877
0.48 1.2865
0.49 1.283
0.5 1.2771
0.51 1.269
0.52 1.2588
0.53 1.2468
0.54 1.2336
0.55 1.2201
0.56 1.2071
0.57 1.1952
0.58 1.1849
0.59 1.1767
0.6 1.1706
0.61 1.1667
0.62 1.1644
0.63 1.1631
0.64 1.1619
0.65 1.1601
0.66 1.1568
0.67 1.1513
0.68 1.1431
0.69 1.1324
0.7 1.1198
0.71 1.1071
0.72 1.0964
0.73 1.0896
0.74 1.0879
0.75 1.0917
0.76 1.1007
0.77 1.1139
0.78 1.1303
0.79 1.1488
0.8 1.1681
0.81 1.1874
0.82 1.2057
0.83 1.2224
0.84 1.2371
0.85 1.2499
0.86 1.2607
0.87 1.2698
0.88 1.2777
0.89 1.2848
0.9 1.2913
0.91 1.2974
0.92 1.3032
0.93 1.3085
0.94 1.3132
0.95 1.3173
0.96 1.321
0.97 1.3244
0.98 1.3278
0.99 1.3313
1 1.3353
1.01 1.3397
1.02 1.3449
1.03 1.351
1.04 1.3582
1.05 1.3663
1.06 1.3754
1.07 1.3851
1.08 1.3954
1.09 1.4058
1.1 1.416
1.11 1.4256
1.12 1.4341
1.13 1.4411
1.14 1.4463
1.15 1.4493
1.16 1.45
1.17 1.4483
1.18 1.444
1.19 1.4374
1.2 1.4284
1.21 1.417
1.22 1.403
1.23 1.3863
1.24 1.3667
1.25 1.344
1.26 1.3178
1.27 1.2883
1.28 1.2557
1.29 1.2205
1.3 1.1837
1.31 1.1465
1.32 1.1106
1.33 1.0774
1.34 1.0483
