0 0.027289
0.01 0.030466
0.02 0.033273
0.03 0.035513
0.04 0.036992
0.05 0.037554
0.06 0.037083
0.07 0.03548
0.08 0.032641
0.09 0.028478
0.1 0.022968
0.11 0.016164
0.12 0.0081883
0.13 -0.00081003
0.14 -0.010673
0.15 -0.021243
0.16 -0.032365
0.17 -0.043864
0.18 -0.055531
0.19 -0.067115
0.2 -0.078334
0.21 -0.08889
0.22 -0.09851
0.23 -0.10699
0.24 -0.11423
0.25 -0.1202
0.26 -0.12489
0.27 -0.12838
0.28 -0.13076
0.29 -0.1322
0.3 -0.13294
0.31 -0.13326
0.32 -0.13345
0.33 -0.13372
0.34 -0.13426
0.35 -0.13516
0.36 -0.13648
0.37 -0.13824
0.38 -0.14041
0.39 -0.14294
0.4 -0.14576
0.41 -0.14883
0.42 -0.15213
0.43 -0.15562
0.44 -0.15927
0.45 -0.16302
0.46 -0.16679
0.47 -0.17053
0.48 -0.17416
0.49 -0.17766
0.5 -0.18099
0.51 -0.18412
0.52 -0.18702
0.53 -0.18972
0.54 -0.1922
0.55 -0.19445
0.56 -0.19642
0.57 -0.19806
0.58 -0.19937
0.59 -0.20035
0.6 -0.20103
0.61 -0.20146
0.62 -0.20163
0.63 -0.20155
0.64 -0.20124
0.65 -0.20073
0.66 -0.20005
0.67 -0.19927
0.68 -0.19844
0.69 -0.19762
0.7 -0.19683
0.71 -0.19607
0.72 -0.19531
0.73 -0.1945
0.74 -0.19363
0.75 -0.19266
0.76 -0.19153
0.77 -0.19022
0.78 -0.18866
0.79 -0.18677
0.8 -0.18445
0.81 -0.18156
0.82 -0.17798
0.83 -0.17357
0.84 -0.16823
0.85 -0.16189
0.86 -0.15452
0.87 -0.14618
0.88 -0.13693
0.89 -0.12696
0.9 -0.11649
0.91 -0.10579
0.92 -0.09507
0.93 -0.084474
0.94 -0.074103
0.95 -0.064041
0.96 -0.054363
0.97 -0.045113
0.98 -0.036314
0.99 -0.027982
1 -0.020107
1.01 -0.012637
1.02 -0.0055019
1.03 0.0013411
1.04 0.0079045
1.05 0.014194
1.06 0.020213
1.07 0.025944
1.08 0.031354
1.09 0.036381
1.1 0.040954
1.11 0.045022
1.12 0.048581
1.13 0.05165
1.14 0.054215
1.15 0.05621
1.16 0.05751
1.17 0.057964
1.18 0.057431
1.19 0.055806
1.2 0.052994
1.21 0.048924
1.22 0.043583
1.23 0.037017
1.24 0.029292
1.25 0.020452
1.26 0.01051
1.27 -0.00051956
1.28 -0.012559
1.29 -0.025456
1.3 -0.039001
1.31 -0.052932
1.32 -0.066911
1.33 -0.080519
1.34 -0.093244
