0 0.96873
0.01 0.96605
0.02 0.96307
0.03 0.95969
0.04 0.95592
0.05 0.95185
0.06 0.94771
0.07 0.94379
0.08 0.94045
0.09 0.93804
0.1 0.93692
0.11 0.9374
0.12 0.93968
0.13 0.94376
0.14 0.94937
0.15 0.95599
0.16 0.96282
0.17 0.96888
0.18 0.97299
0.19 0.97397
0.2 0.97071
0.21 0.96243
0.22 0.94878
0.23 0.93004
0.24 0.90718
0.25 0.88181
0.26 0.85593
0.27 0.83151
0.28 0.81017
0.29 0.79299
0.3 0.78056
0.31 0.77304
0.32 0.77023
0.33 0.77163
0.34 0.77664
0.35 0.78459
0.36 0.79469
0.37 0.80599
0.38 0.81751
0.39 0.82843
0.4 0.83828
0.41 0.84699
0.42 0.85478
0.43 0.86196
0.44 0.86888
0.45 0.87587
0.46 0.88346
0.47 0.89231
0.48 0.90263
0.49 0.91306
0.5 0.92058
0.51 0.92212
0.52 0.91643
0.53 0.90466
0.54 0.88952
0.55 0.87392
0.56 0.86012
0.57 0.84956
0.58 0.84302
0.59 0.84078
0.6 0.84244
0.61 0.84695
0.62 0.85282
0.63 0.85869
0.64 0.86371
0.65 0.86734
0.66 0.86923
0.67 0.86934
0.68 0.86812
0.69 0.86622
0.7 0.86429
0.71 0.86264
0.72 0.86118
0.73 0.85962
0.74 0.85772
0.75 0.85541
0.76 0.85301
0.77 0.85141
0.78 0.85211
0.79 0.85721
0.8 0.86873
0.81 0.88774
0.82 0.91359
0.83 0.94398
0.84 0.97583
0.85 1.0061
0.86 1.0325
0.87 1.0533
0.88 1.0681
0.89 1.0772
0.9 1.0818
0.91 1.0829
0.92 1.0818
0.93 1.0794
0.94 1.0763
0.95 1.073
0.96 1.0698
0.97 1.067
0.98 1.0648
0.99 1.0638
1 1.064
1.01 1.066
1.02 1.0699
1.03 1.0758
1.04 1.0835
1.05 1.0927
1.06 1.1024
1.07 1.112
1.08 1.1202
1.09 1.1261
1.1 1.1283
1.11 1.1255
1.12 1.1159
1.13 1.0983
1.14 1.0719
1.15 1.037
1.16 0.99477
1.17 0.94782
1.18 0.89989
1.19 0.85515
1.2 0.81728
1.21 0.78844
1.22 0.7688
1.23 0.75696
1.24 0.75082
1.25 0.74852
1.26 0.74877
1.27 0.7509
1.28 0.75469
1.29 0.76008
1.3 0.76675
1.31 0.77375
1.32 0.77944
1.33 0.78161
1.34 0.77777
1.35 0.76552
1.36 0.74338
1.37 0.712
1.38 0.67494
1.39 0.63781
1.4 0.60601
1.41 0.58277
1.42 0.56889
1.43 0.56335
1.44 0.5641
1.45 0.56865
1.46 0.5747
1.47 0.58061
1.48 0.58557
1.49 0.58972
1.5 0.59428
1.51 0.60131
1.52 0.61281
1.53 0.62993
1.54 0.6529
1.55 0.68137
1.56 0.71447
1.57 0.75062
1.58 0.78753
1.59 0.82231
1.6 0.8521
1.61 0.87479
1.62 0.88961
1.63 0.89755
1.64 0.90131
1.65 0.90472
1.66 0.91152
1.67 0.92449
1.68 0.9451
1.69 0.97328
1.7 1.007
1.71 1.0428
1.72 1.0767
1.73 1.1057
1.74 1.1283
1.75 1.144
1.76 1.1531
1.77 1.1565
1.78 1.1553
1.79 1.1505
1.8 1.1431
1.81 1.1339
1.82 1.1237
1.83 1.1129
1.84 1.102
1.85 1.0915
1.86 1.0819
1.87 1.0736
1.88 1.0672
1.89 1.0629
1.9 1.0607
1.91 1.0608
1.92 1.0629
1.93 1.0666
1.94 1.071
1.95 1.0751
1.96 1.0776
1.97 1.077
1.98 1.0717
1.99 1.0603
2 1.0418
2.01 1.0161
2.02 0.98398
2.03 0.94715
2.04 0.90806
2.05 0.86952
2.06 0.83436
2.07 0.8049
2.08 0.78222
2.09 0.76608
2.1 0.75552
2.11 0.74949
2.12 0.7471
2.13 0.74765
2.14 0.75087
2.15 0.7569
2.16 0.76619
2.17 0.77899
2.18 0.79488
2.19 0.81261
2.2 0.83036
2.21 0.8461
2.22 0.85786
2.23 0.86395
2.24 0.86323
2.25 0.85548
2.26 0.84151
2.27 0.82293
2.28 0.80205
2.29 0.78159
2.3 0.764
2.31 0.75062
2.32 0.74159
2.33 0.7362
2.34 0.73298
2.35 0.72996
2.36 0.72589
2.37 0.72096
2.38 0.71637
2.39 0.71338
2.4 0.71337
2.41 0.71772
2.42 0.72736
2.43 0.74224
2.44 0.76107
2.45 0.78162
2.46 0.80131
2.47 0.81796
2.48 0.83038
2.49 0.83877
2.5 0.8447
2.51 0.85066
2.52 0.85913
2.53 0.87184
2.54 0.88965
2.55 0.91281
2.56 0.94118
2.57 0.97424
2.58 1.0106
2.59 1.0476
2.6 1.0815
2.61 1.1092
2.62 1.1288
2.63 1.1403
2.64 1.1445
2.65 1.1431
2.66 1.1378
2.67 1.1303
2.68 1.1219
2.69 1.1136
2.7 1.1061
2.71 1.0996
2.72 1.0941
2.73 1.0898
2.74 1.0866
2.75 1.0847
2.76 1.0842
2.77 1.0853
2.78 1.0879
2.79 1.0915
2.8 1.0954
2.81 1.0984
2.82 1.099
2.83 1.0957
2.84 1.087
2.85 1.072
2.86 1.0502
2.87 1.0217
2.88 0.98739
2.89 0.94933
2.9 0.91049
2.91 0.87434
2.92 0.8441
2.93 0.82183
2.94 0.80803
2.95 0.80192
2.96 0.80214
2.97 0.80731
2.98 0.81638
2.99 0.82867
3 0.84375
3.01 0.86121
3.02 0.8805
3.03 0.90089
3.04 0.92167
3.05 0.94219
3.06 0.96195
3.07 0.9805
3.08 0.99715
3.09 1.0104
3.1 1.0174
3.11 1.0139
3.12 0.99369
3.13 0.94939
3.14 0.8733
3.15 0.76105
3.16 0.61762
3.17 0.46143
3.18 0.31793
3.19 0.2054
3.2 0.12872
3.21 0.084382
3.22 0.067019
3.23 0.072769
3.24 0.10023
3.25 0.15032
3.26 0.22531
3.27 0.32631
3.28 0.44949
3.29 0.58338
3.3 0.71161
3.31 0.82041
3.32 0.90382
3.33 0.96271
3.34 1.001
3.35 1.0233
3.36 1.0336
3.37 1.0354
3.38 1.0314
3.39 1.0235
3.4 1.0127
3.41 1.0001
3.42 0.98632
3.43 0.97262
3.44 0.96038
3.45 0.95142
3.46 0.94804
3.47 0.95265
3.48 0.96686
3.49 0.9904
3.5 1.0206
3.51 1.0529
3.52 1.0823
3.53 1.1053
3.54 1.1204
3.55 1.1274
3.56 1.1274
3.57 1.1223
3.58 1.1138
3.59 1.1038
3.6 1.0935
3.61 1.0837
3.62 1.0749
3.63 1.067
3.64 1.0601
3.65 1.0542
3.66 1.0493
3.67 1.0457
3.68 1.0435
3.69 1.0432
3.7 1.045
3.71 1.0493
3.72 1.056
3.73 1.0649
3.74 1.075
3.75 1.0851
3.76 1.0938
3.77 1.0996
3.78 1.1015
3.79 1.0989
3.8 1.0917
3.81 1.0801
3.82 1.0647
3.83 1.046
3.84 1.0247
3.85 1.0018
3.86 0.97836
3.87 0.95552
3.88 0.9342
3.89 0.91507
3.9 0.89842
3.91 0.88435
3.92 0.87294
3.93 0.86422
3.94 0.85793
3.95 0.85338
3.96 0.84946
3.97 0.84466
3.98 0.83724
3.99 0.82551
4 0.80817
4.01 0.78484
4.02 0.75624
4.03 0.72409
4.04 0.69077
4.05 0.65892
4.06 0.63104
4.07 0.60917
4.08 0.59461
4.09 0.58788
4.1 0.58874
4.11 0.59624
4.12 0.60877
4.13 0.62426
4.14 0.64057
4.15 0.65585
4.16 0.66905
4.17 0.68021
4.18 0.6903
4.19 0.70076
4.2 0.71308
4.21 0.72831
4.22 0.74663
4.23 0.76736
4.24 0.78897
4.25 0.80928
4.26 0.82619
4.27 0.83851
4.28 0.84624
4.29 0.8506
4.3 0.85396
4.31 0.85938
4.32 0.86974
4.33 0.88702
4.34 0.9119
4.35 0.94352
4.36 0.97933
4.37 1.0156
4.38 1.0488
4.39 1.0761
4.4 1.096
4.41 1.108
4.42 1.1126
4.43 1.111
4.44 1.1049
4.45 1.0958
4.46 1.0854
4.47 1.0749
4.48 1.0651
4.49 1.0566
4.5 1.0498
4.51 1.0446
4.52 1.0408
4.53 1.0384
4.54 1.037
4.55 1.0368
4.56 1.0376
4.57 1.0397
4.58 1.0433
4.59 1.0482
4.6 1.0546
4.61 1.0618
4.62 1.0694
4.63 1.0763
4.64 1.0815
4.65 1.0838
4.66 1.0822
4.67 1.0756
4.68 1.0633
4.69 1.0454
4.7 1.0225
4.71 0.99587
4.72 0.96676
4.73 0.93655
4.74 0.90655
4.75 0.87808
4.76 0.85234
4.77 0.83016
4.78 0.81197
4.79 0.79795
4.8 0.78791
4.81 0.78114
4.82 0.77644
4.83 0.77278
4.84 0.76979
4.85 0.76773
4.86 0.76714
4.87 0.76831
4.88 0.7709
4.89 0.77389
4.9 0.77583
4.91 0.77523
4.92 0.77093
4.93 0.76244
4.94 0.75015
4.95 0.73539
4.96 0.72033
4.97 0.70726
4.98 0.69799
4.99 0.69337
5 0.6933
5.01 0.69687
5.02 0.70274
5.03 0.70956
5.04 0.71634
5.05 0.72258
5.06 0.72832
5.07 0.73411
5.08 0.74092
5.09 0.74966
5.1 0.76076
5.11 0.77406
5.12 0.78904
5.13 0.80529
5.14 0.82252
5.15 0.84029
5.16 0.85783
5.17 0.87412
5.18 0.88864
5.19 0.90176
5.2 0.91462
5.21 0.92859
5.22 0.945
5.23 0.96494
5.24 0.98905
5.25 1.0171
5.26 1.0475
5.27 1.077
5.28 1.1023
5.29 1.121
5.3 1.1321
5.31 1.1359
5.32 1.1333
5.33 1.1257
5.34 1.1146
5.35 1.1013
5.36 1.0872
5.37 1.0733
5.38 1.0605
5.39 1.049
5.4 1.0392
5.41 1.031
5.42 1.0244
5.43 1.0195
5.44 1.0161
5.45 1.014
5.46 1.013
5.47 1.0129
5.48 1.0132
5.49 1.0135
5.5 1.0132
5.51 1.0117
5.52 1.0087
5.53 1.004
5.54 0.9977
5.55 0.99016
5.56 0.98204
5.57 0.97415
5.58 0.96733
5.59 0.96225
5.6 0.95917
5.61 0.95796
5.62 0.95812
5.63 0.95911
5.64 0.96045
5.65 0.96183
5.66 0.96314
5.67 0.96451
5.68 0.96612
5.69 0.96813
5.7 0.97061
5.71 0.97356
5.72 0.97689
5.73 0.98047
5.74 0.98407
5.75 0.98737
5.76 0.99003
5.77 0.99177
5.78 0.99241
5.79 0.9919
5.8 0.99028
5.81 0.98764
5.82 0.98418
5.83 0.98017
5.84 0.97586
5.85 0.97146
5.86 0.96711
5.87 0.96293
5.88 0.95908
5.89 0.95572
5.9 0.95298
5.91 0.95089
5.92 0.94943
5.93 0.94853
5.94 0.94807
5.95 0.94792
5.96 0.94793
5.97 0.94793
5.98 0.94774
5.99 0.94726
6 0.94644
6.01 0.94525
6.02 0.94371
6.03 0.94186
6.04 0.93974
6.05 0.93744
6.06 0.93498
6.07 0.93243
6.08 0.92982
6.09 0.92718
6.1 0.92454
6.11 0.92197
6.12 0.91955
6.13 0.91738
6.14 0.91554
6.15 0.91408
6.16 0.91302
6.17 0.91235
6.18 0.91207
6.19 0.91216
6.2 0.91258
6.21 0.91327
6.22 0.91418
6.23 0.91528
6.24 0.91654
6.25 0.91791
6.26 0.9194
6.27 0.921
6.28 0.92267
6.29 0.92432
6.3 0.92584
6.31 0.92708
6.32 0.92797
6.33 0.92844
6.34 0.92843
6.35 0.92788
6.36 0.92674
6.37 0.925
6.38 0.92265
6.39 0.91973
6.4 0.91633
6.41 0.91255
6.42 0.90854
6.43 0.90442
6.44 0.90033
6.45 0.89637
6.46 0.89262
6.47 0.88913
6.48 0.88598
6.49 0.88323
6.5 0.8809
6.51 0.87897
6.52 0.8774
6.53 0.87615
6.54 0.87521
6.55 0.87459
6.56 0.87437
6.57 0.87461
6.58 0.87536
6.59 0.87666
6.6 0.87854
6.61 0.88093
6.62 0.88374
6.63 0.88682
6.64 0.89
6.65 0.89312
6.66 0.89605
6.67 0.89871
6.68 0.90108
6.69 0.90318
6.7 0.90508
6.71 0.90684
6.72 0.90851
6.73 0.91013
6.74 0.91172
6.75 0.91328
6.76 0.91483
6.77 0.91637
6.78 0.91792
6.79 0.91948
6.8 0.92106
6.81 0.92265
6.82 0.92423
6.83 0.92578
6.84 0.92727
6.85 0.92868
6.86 0.93002
6.87 0.93127
6.88 0.93237
