0 0.53921
0.01 0.53892
0.02 0.53862
0.03 0.53833
0.04 0.53804
0.05 0.53776
0.06 0.53749
0.07 0.53723
0.08 0.537
0.09 0.53681
0.1 0.53665
0.11 0.53655
0.12 0.53652
0.13 0.53658
0.14 0.53675
0.15 0.53704
0.16 0.53746
0.17 0.53799
0.18 0.53859
0.19 0.53923
0.2 0.53988
0.21 0.54052
0.22 0.54112
0.23 0.54165
0.24 0.54208
0.25 0.54239
0.26 0.54254
0.27 0.54253
0.28 0.54232
0.29 0.54189
0.3 0.54124
0.31 0.54036
0.32 0.53925
0.33 0.53792
0.34 0.53638
0.35 0.53464
0.36 0.53271
0.37 0.53061
0.38 0.52836
0.39 0.52598
0.4 0.52349
0.41 0.52093
0.42 0.51832
0.43 0.51569
0.44 0.51309
0.45 0.51056
0.46 0.50815
0.47 0.5059
0.48 0.50385
0.49 0.50205
0.5 0.50053
0.51 0.49933
0.52 0.49848
0.53 0.49801
0.54 0.49794
0.55 0.49828
0.56 0.49906
0.57 0.50026
0.58 0.50188
0.59 0.50391
0.6 0.50632
0.61 0.50906
0.62 0.51211
0.63 0.51541
0.64 0.51891
0.65 0.52253
0.66 0.52622
0.67 0.52991
0.68 0.53354
0.69 0.53703
0.7 0.54032
0.71 0.54335
0.72 0.54605
0.73 0.54838
0.74 0.55027
0.75 0.55169
0.76 0.55262
0.77 0.55304
0.78 0.55291
0.79 0.55225
0.8 0.55104
0.81 0.5493
0.82 0.54706
0.83 0.54439
0.84 0.54135
0.85 0.53803
0.86 0.53451
0.87 0.53089
0.88 0.52725
0.89 0.52368
0.9 0.52026
0.91 0.51705
0.92 0.51409
0.93 0.51143
0.94 0.50907
0.95 0.50704
0.96 0.50533
0.97 0.50396
0.98 0.50295
0.99 0.50231
1 0.50207
1.01 0.50228
1.02 0.50295
1.03 0.5041
1.04 0.50575
1.05 0.50787
1.06 0.51044
1.07 0.51343
1.08 0.51676
1.09 0.52037
1.1 0.52418
1.11 0.52812
1.12 0.53208
1.13 0.53601
1.14 0.53982
1.15 0.54345
1.16 0.54681
1.17 0.54984
1.18 0.55249
1.19 0.55469
1.2 0.5564
1.21 0.55758
1.22 0.5582
1.23 0.55823
1.24 0.55768
1.25 0.55654
1.26 0.55484
1.27 0.55263
1.28 0.54997
1.29 0.54695
1.3 0.54369
1.31 0.54027
1.32 0.5368
1.33 0.53334
1.34 0.52997
1.35 0.52672
1.36 0.52364
1.37 0.52076
1.38 0.51809
1.39 0.51566
1.4 0.51349
1.41 0.51161
1.42 0.51005
1.43 0.50885
1.44 0.50804
1.45 0.50766
1.46 0.50777
1.47 0.50838
1.48 0.50952
1.49 0.5112
1.5 0.51339
1.51 0.51607
1.52 0.51918
1.53 0.52263
1.54 0.52636
1.55 0.53025
1.56 0.53422
1.57 0.53815
1.58 0.54197
1.59 0.54556
1.6 0.54885
1.61 0.55177
1.62 0.55424
1.63 0.55623
1.64 0.55767
1.65 0.55854
1.66 0.55882
1.67 0.5585
1.68 0.55759
1.69 0.5561
1.7 0.55409
1.71 0.5516
1.72 0.54871
1.73 0.5455
1.74 0.54206
1.75 0.53848
1.76 0.53484
1.77 0.53123
1.78 0.5277
1.79 0.52432
1.8 0.52116
1.81 0.51826
1.82 0.51567
1.83 0.51344
1.84 0.51159
1.85 0.51015
1.86 0.50912
1.87 0.50855
1.88 0.50843
1.89 0.50882
1.9 0.50972
1.91 0.51117
1.92 0.51317
1.93 0.5157
1.94 0.51873
1.95 0.52218
1.96 0.52599
1.97 0.53004
1.98 0.53423
1.99 0.53845
2 0.54257
2.01 0.5465
2.02 0.55013
2.03 0.55337
2.04 0.55615
2.05 0.55841
2.06 0.56011
2.07 0.56122
2.08 0.56172
2.09 0.5616
2.1 0.56085
2.11 0.55948
2.12 0.55752
2.13 0.55501
2.14 0.552
2.15 0.54857
2.16 0.54483
2.17 0.54087
2.18 0.53679
2.19 0.53269
2.2 0.52865
2.21 0.52475
2.22 0.52106
2.23 0.51761
2.24 0.51447
2.25 0.51168
2.26 0.50928
2.27 0.50731
2.28 0.5058
2.29 0.50479
2.3 0.50429
2.31 0.50433
2.32 0.50492
2.33 0.50607
2.34 0.50779
2.35 0.51009
2.36 0.51295
2.37 0.51634
2.38 0.52019
2.39 0.52441
2.4 0.52893
2.41 0.53364
2.42 0.53843
2.43 0.54322
2.44 0.54791
2.45 0.55239
2.46 0.55661
2.47 0.56048
2.48 0.56394
2.49 0.56696
2.5 0.56949
2.51 0.5715
2.52 0.57298
2.53 0.5739
2.54 0.57428
2.55 0.57412
2.56 0.57343
2.57 0.57227
2.58 0.57068
2.59 0.56873
2.6 0.56651
2.61 0.5641
2.62 0.56158
2.63 0.55904
2.64 0.55657
2.65 0.55422
2.66 0.55206
2.67 0.55013
2.68 0.54847
2.69 0.54712
2.7 0.54609
2.71 0.54542
2.72 0.54513
2.73 0.54523
2.74 0.54574
2.75 0.5467
2.76 0.54812
2.77 0.55004
2.78 0.55246
2.79 0.55539
2.8 0.55881
2.81 0.56265
2.82 0.56684
2.83 0.57129
2.84 0.57588
2.85 0.5805
2.86 0.58504
2.87 0.58941
2.88 0.59351
2.89 0.59728
2.9 0.60065
2.91 0.60359
2.92 0.60607
2.93 0.60808
2.94 0.6096
2.95 0.61064
2.96 0.61117
2.97 0.6112
2.98 0.61072
2.99 0.60975
3 0.60828
3.01 0.60636
3.02 0.60401
3.03 0.6013
3.04 0.59829
3.05 0.59505
3.06 0.59167
3.07 0.58825
3.08 0.58487
3.09 0.58161
3.1 0.57855
3.11 0.57574
3.12 0.5732
3.13 0.57096
3.14 0.56902
3.15 0.56738
3.16 0.56605
3.17 0.56504
3.18 0.56437
3.19 0.56407
3.2 0.56417
3.21 0.56473
3.22 0.56578
3.23 0.56736
3.24 0.56948
3.25 0.57212
3.26 0.57522
3.27 0.57873
3.28 0.58257
3.29 0.58665
3.3 0.59088
3.31 0.59518
3.32 0.59946
3.33 0.60365
3.34 0.60768
3.35 0.61149
3.36 0.61501
3.37 0.6182
3.38 0.62101
3.39 0.6234
3.4 0.62533
3.41 0.62679
3.42 0.62774
3.43 0.62819
3.44 0.62811
3.45 0.6275
3.46 0.62635
3.47 0.62469
3.48 0.62255
3.49 0.61995
3.5 0.61697
3.51 0.61367
3.52 0.61014
3.53 0.60647
3.54 0.60277
3.55 0.59911
3.56 0.59558
3.57 0.59225
3.58 0.58916
3.59 0.58635
3.6 0.58383
3.61 0.58162
3.62 0.5797
3.63 0.57809
3.64 0.57678
3.65 0.57577
3.66 0.57509
3.67 0.57476
3.68 0.57482
3.69 0.57531
3.7 0.57626
3.71 0.57768
3.72 0.57955
3.73 0.58184
3.74 0.58447
3.75 0.58736
3.76 0.59041
3.77 0.59354
3.78 0.59665
3.79 0.59966
3.8 0.6025
3.81 0.60511
3.82 0.60743
3.83 0.60942
3.84 0.611
3.85 0.61215
3.86 0.61282
3.87 0.61296
3.88 0.61255
3.89 0.61156
3.9 0.60997
3.91 0.60777
3.92 0.60497
3.93 0.6016
3.94 0.59771
3.95 0.59339
3.96 0.58873
3.97 0.58385
3.98 0.57888
3.99 0.57396
4 0.56919
4.01 0.56468
4.02 0.56049
4.03 0.55668
4.04 0.55328
4.05 0.55031
4.06 0.5478
4.07 0.54577
4.08 0.54423
4.09 0.54319
4.1 0.54265
4.11 0.54264
4.12 0.54318
4.13 0.54429
4.14 0.54599
4.15 0.54829
4.16 0.55117
4.17 0.55458
4.18 0.55845
4.19 0.56267
4.2 0.56713
4.21 0.57171
4.22 0.5763
4.23 0.58077
4.24 0.58502
4.25 0.58899
4.26 0.59259
4.27 0.59577
4.28 0.59848
4.29 0.60067
4.3 0.60232
4.31 0.6034
4.32 0.60391
4.33 0.60384
4.34 0.60323
4.35 0.6021
4.36 0.6005
4.37 0.59846
4.38 0.59608
4.39 0.59341
4.4 0.59054
4.41 0.58754
4.42 0.58449
4.43 0.58144
4.44 0.57845
4.45 0.57557
4.46 0.57282
4.47 0.57024
4.48 0.56783
4.49 0.56562
4.5 0.5636
4.51 0.5618
4.52 0.56021
4.53 0.55887
4.54 0.55781
4.55 0.55705
4.56 0.55664
4.57 0.55662
4.58 0.55704
4.59 0.55791
4.6 0.55924
4.61 0.56101
4.62 0.56316
4.63 0.56564
4.64 0.56836
4.65 0.57123
4.66 0.57417
4.67 0.57709
4.68 0.57992
4.69 0.58258
4.7 0.585
4.71 0.58714
4.72 0.58892
4.73 0.59032
4.74 0.59127
4.75 0.59176
4.76 0.59175
4.77 0.59122
4.78 0.59014
4.79 0.58851
4.8 0.58633
4.81 0.58363
4.82 0.58046
4.83 0.57686
4.84 0.57294
4.85 0.56879
4.86 0.56452
4.87 0.56022
4.88 0.556
4.89 0.55192
4.9 0.54804
4.91 0.54442
4.92 0.54106
4.93 0.53801
4.94 0.53527
4.95 0.53288
4.96 0.53084
4.97 0.5292
4.98 0.52796
4.99 0.52716
5 0.52682
5.01 0.52698
5.02 0.52767
5.03 0.52893
5.04 0.53076
5.05 0.53317
5.06 0.53612
5.07 0.53956
5.08 0.54341
5.09 0.54758
5.1 0.55196
5.11 0.55644
5.12 0.56093
5.13 0.56532
5.14 0.56953
5.15 0.57347
5.16 0.57707
5.17 0.58026
5.18 0.58298
5.19 0.58519
5.2 0.58685
5.21 0.58794
5.22 0.58846
5.23 0.58841
5.24 0.58782
5.25 0.58672
5.26 0.58515
5.27 0.58317
5.28 0.58087
5.29 0.57832
5.3 0.57559
5.31 0.57276
5.32 0.5699
5.33 0.56706
5.34 0.56429
5.35 0.56163
5.36 0.55912
5.37 0.55678
5.38 0.55465
5.39 0.55274
5.4 0.55105
5.41 0.54959
5.42 0.54836
5.43 0.54735
5.44 0.54657
5.45 0.54606
5.46 0.54583
5.47 0.54593
5.48 0.5464
5.49 0.54725
5.5 0.54849
5.51 0.55007
5.52 0.55197
5.53 0.55409
5.54 0.55637
5.55 0.55873
5.56 0.56108
5.57 0.56335
5.58 0.56549
5.59 0.56746
5.6 0.56922
5.61 0.57076
5.62 0.57207
5.63 0.57315
5.64 0.57402
5.65 0.57469
5.66 0.57518
5.67 0.5755
5.68 0.57566
5.69 0.57565
5.7 0.57549
5.71 0.57516
5.72 0.57468
5.73 0.57404
5.74 0.57323
5.75 0.57226
5.76 0.57112
5.77 0.56983
5.78 0.56839
5.79 0.56683
5.8 0.56518
5.81 0.56347
5.82 0.56171
5.83 0.55994
5.84 0.55816
5.85 0.55638
5.86 0.55462
5.87 0.55287
5.88 0.55115
5.89 0.54946
5.9 0.54781
5.91 0.54621
5.92 0.54468
5.93 0.54322
5.94 0.54184
5.95 0.54054
5.96 0.53933
5.97 0.53821
5.98 0.53719
5.99 0.53627
6 0.53545
6.01 0.53473
6.02 0.53412
6.03 0.53362
6.04 0.53324
6.05 0.53298
6.06 0.53282
6.07 0.53278
6.08 0.53285
6.09 0.53302
6.1 0.53328
6.11 0.53364
6.12 0.53409
6.13 0.53462
6.14 0.53523
6.15 0.5359
6.16 0.53664
6.17 0.53742
6.18 0.53824
6.19 0.53909
6.2 0.53997
6.21 0.54087
6.22 0.54178
6.23 0.54271
6.24 0.54364
6.25 0.54458
6.26 0.54553
6.27 0.54647
6.28 0.54742
6.29 0.54836
6.3 0.5493
6.31 0.55024
6.32 0.55117
6.33 0.5521
6.34 0.55303
6.35 0.55396
6.36 0.55489
6.37 0.55583
6.38 0.55677
6.39 0.55771
6.4 0.55865
6.41 0.55958
6.42 0.56048
6.43 0.56136
6.44 0.56219
6.45 0.56296
6.46 0.56366
6.47 0.56428
6.48 0.56483
6.49 0.5653
6.5 0.5657
6.51 0.56604
6.52 0.56633
6.53 0.56656
6.54 0.56674
6.55 0.56688
6.56 0.56698
6.57 0.56703
6.58 0.56705
6.59 0.56702
6.6 0.56696
6.61 0.56688
6.62 0.56677
6.63 0.56665
6.64 0.56652
6.65 0.56638
6.66 0.56624
6.67 0.5661
6.68 0.56597
6.69 0.56583
6.7 0.5657
6.71 0.56558
6.72 0.56546
6.73 0.56534
6.74 0.56522
6.75 0.5651
6.76 0.56498
6.77 0.56485
6.78 0.56473
6.79 0.56462
6.8 0.56451
6.81 0.56441
6.82 0.56432
6.83 0.56424
6.84 0.56415
6.85 0.56407
6.86 0.56399
6.87 0.56391
6.88 0.56384
