0 1.3664
0.01 1.3711
0.02 1.376
0.03 1.3813
0.04 1.3871
0.05 1.3933
0.06 1.4
0.07 1.4069
0.08 1.414
0.09 1.421
0.1 1.4278
0.11 1.4341
0.12 1.4398
0.13 1.4443
0.14 1.4475
0.15 1.4489
0.16 1.4482
0.17 1.4453
0.18 1.4401
0.19 1.4328
0.2 1.4238
0.21 1.4137
0.22 1.4029
0.23 1.3923
0.24 1.3823
0.25 1.3735
0.26 1.3661
0.27 1.3603
0.28 1.3561
0.29 1.3531
0.3 1.3507
0.31 1.3483
0.32 1.3451
0.33 1.3406
0.34 1.3343
0.35 1.326
0.36 1.3155
0.37 1.3028
0.38 1.2881
0.39 1.2712
0.4 1.2521
0.41 1.2307
0.42 1.2067
0.43 1.1802
0.44 1.1516
0.45 1.1213
0.46 1.0903
0.47 1.0594
0.48 1.0297
0.49 1.002
0.5 0.9771
0.51 0.95582
0.52 0.93882
0.53 0.92669
0.54 0.91984
0.55 0.91847
0.56 0.92247
0.57 0.93148
0.58 0.9449
0.59 0.96195
0.6 0.98186
0.61 1.0039
0.62 1.0275
0.63 1.052
0.64 1.0769
0.65 1.1017
0.66 1.1258
0.67 1.1489
0.68 1.1703
0.69 1.1898
0.7 1.2068
0.71 1.2208
0.72 1.2316
0.73 1.239
0.74 1.2429
0.75 1.2434
0.76 1.2406
0.77 1.2352
0.78 1.2277
0.79 1.2191
0.8 1.2106
0.81 1.2037
0.82 1.2003
0.83 1.202
0.84 1.2096
0.85 1.2231
0.86 1.2417
0.87 1.2639
0.88 1.288
0.89 1.3125
0.9 1.3362
0.91 1.3582
0.92 1.378
0.93 1.3956
0.94 1.4112
0.95 1.4253
0.96 1.4382
0.97 1.45
0.98 1.4603
0.99 1.4686
1 1.4739
1.01 1.4752
1.02 1.4715
1.03 1.4621
1.04 1.447
1.05 1.4262
1.06 1.4003
1.07 1.37
1.08 1.3365
1.09 1.3007
1.1 1.2638
1.11 1.227
1.12 1.1913
1.13 1.1575
1.14 1.1264
1.15 1.0985
1.16 1.074
1.17 1.0528
1.18 1.0347
1.19 1.0195
1.2 1.0071
1.21 0.9973
1.22 0.99021
1.23 0.98576
1.24 0.98356
1.25 0.9829
1.26 0.98269
1.27 0.98158
1.28 0.97813
1.29 0.97106
1.3 0.95948
1.31 0.943
1.32 0.92169
1.33 0.89603
1.34 0.86685
1.35 0.8352
1.36 0.80225
1.37 0.76917
1.38 0.73701
1.39 0.70673
1.4 0.67918
1.41 0.65512
1.42 0.63524
1.43 0.62025
1.44 0.61094
1.45 0.60813
1.46 0.6126
1.47 0.62499
1.48 0.64571
1.49 0.6748
1.5 0.71182
1.51 0.75558
1.52 0.80423
1.53 0.85542
1.54 0.90671
1.55 0.95596
1.56 1.0016
1.57 1.0428
1.58 1.0796
1.59 1.1126
1.6 1.1426
1.61 1.1708
1.62 1.1973
1.63 1.2219
1.64 1.2433
1.65 1.2598
1.66 1.2705
1.67 1.2751
1.68 1.2748
1.69 1.2715
1.7 1.2681
1.71 1.2679
1.72 1.2733
1.73 1.2852
1.74 1.303
1.75 1.3253
1.76 1.3503
1.77 1.3763
1.78 1.4019
1.79 1.4261
1.8 1.4482
1.81 1.4685
1.82 1.4872
1.83 1.5046
1.84 1.521
1.85 1.5363
1.86 1.5501
1.87 1.5619
1.88 1.5709
1.89 1.5762
1.9 1.5769
1.91 1.5721
1.92 1.5611
1.93 1.5435
1.94 1.5194
1.95 1.4897
1.96 1.4553
1.97 1.4177
1.98 1.3785
1.99 1.3393
2 1.3019
2.01 1.2675
2.02 1.2373
2.03 1.2119
2.04 1.1914
2.05 1.1754
2.06 1.1634
2.07 1.1546
2.08 1.1481
2.09 1.1428
2.1 1.1378
2.11 1.1318
2.12 1.1232
2.13 1.1107
2.14 1.0931
2.15 1.0697
2.16 1.0401
2.17 1.0044
2.18 0.9634
2.19 0.91844
2.2 0.87125
2.21 0.82363
2.22 0.77723
2.23 0.73338
2.24 0.69303
2.25 0.65684
2.26 0.62533
2.27 0.59908
2.28 0.57886
2.29 0.56552
2.3 0.55994
2.31 0.56286
2.32 0.57478
2.33 0.59592
2.34 0.62612
2.35 0.66481
2.36 0.71077
2.37 0.76218
2.38 0.81672
2.39 0.87195
2.4 0.92558
2.41 0.97572
2.42 1.0212
2.43 1.0615
2.44 1.0972
2.45 1.129
2.46 1.1581
2.47 1.1854
2.48 1.2117
2.49 1.2366
2.5 1.2587
2.51 1.2763
2.52 1.2876
2.53 1.2918
2.54 1.2892
2.55 1.2808
2.56 1.2685
2.57 1.2548
2.58 1.2427
2.59 1.235
2.6 1.234
2.61 1.2404
2.62 1.2532
2.63 1.2705
2.64 1.29
2.65 1.3097
2.66 1.3281
2.67 1.3443
2.68 1.3581
2.69 1.3698
2.7 1.3798
2.71 1.3886
2.72 1.3966
2.73 1.4033
2.74 1.4083
2.75 1.4104
2.76 1.4085
2.77 1.4015
2.78 1.3886
2.79 1.3692
2.8 1.3435
2.81 1.3121
2.82 1.2761
2.83 1.2371
2.84 1.1967
2.85 1.1566
2.86 1.1184
2.87 1.0836
2.88 1.0536
2.89 1.0291
2.9 1.0103
2.91 0.99707
2.92 0.98851
2.93 0.98368
2.94 0.98153
2.95 0.98097
2.96 0.98082
2.97 0.97973
2.98 0.97623
2.99 0.96891
3 0.95663
3.01 0.93874
3.02 0.91521
3.03 0.88667
3.04 0.85425
3.05 0.81938
3.06 0.78362
3.07 0.74843
3.08 0.71496
3.09 0.68396
3.1 0.65577
3.11 0.63043
3.12 0.60785
3.13 0.58785
3.14 0.57033
3.15 0.55526
3.16 0.54271
3.17 0.5329
3.18 0.52621
3.19 0.52324
3.2 0.52471
3.21 0.5314
3.22 0.54396
3.23 0.56293
3.24 0.58859
3.25 0.62087
3.26 0.65917
3.27 0.70241
3.28 0.74915
3.29 0.79771
3.3 0.84633
3.31 0.89342
3.32 0.93775
3.33 0.97862
3.34 1.0158
3.35 1.0497
3.36 1.081
3.37 1.1102
3.38 1.138
3.39 1.1641
3.4 1.1882
3.41 1.2091
3.42 1.2259
3.43 1.2376
3.44 1.2438
3.45 1.2445
3.46 1.2406
3.47 1.2337
3.48 1.226
3.49 1.2202
3.5 1.2191
3.51 1.2248
3.52 1.2381
3.53 1.2583
3.54 1.2837
3.55 1.3119
3.56 1.341
3.57 1.3692
3.58 1.3953
3.59 1.4186
3.6 1.439
3.61 1.4569
3.62 1.4726
3.63 1.4867
3.64 1.4996
3.65 1.5113
3.66 1.5211
3.67 1.5282
3.68 1.5311
3.69 1.5286
3.7 1.5195
3.71 1.5034
3.72 1.4804
3.73 1.4512
3.74 1.4171
3.75 1.3799
3.76 1.3413
3.77 1.3029
3.78 1.266
3.79 1.2318
3.8 1.201
3.81 1.1742
3.82 1.1517
3.83 1.1334
3.84 1.1192
3.85 1.1086
3.86 1.1012
3.87 1.0965
3.88 1.0938
3.89 1.0924
3.9 1.0912
3.91 1.0893
3.92 1.085
3.93 1.077
3.94 1.0641
3.95 1.0453
3.96 1.0202
3.97 0.98898
3.98 0.95253
3.99 0.91214
4 0.86951
4.01 0.82644
4.02 0.78467
4.03 0.74575
4.04 0.71095
4.05 0.68129
4.06 0.65749
4.07 0.63999
4.08 0.62892
4.09 0.6242
4.1 0.6256
4.11 0.63295
4.12 0.64633
4.13 0.66601
4.14 0.69223
4.15 0.72494
4.16 0.7634
4.17 0.80604
4.18 0.85078
4.19 0.89547
4.2 0.93828
4.21 0.97795
4.22 1.0139
4.23 1.0463
4.24 1.0756
4.25 1.1028
4.26 1.129
4.27 1.1547
4.28 1.1802
4.29 1.2045
4.3 1.2259
4.31 1.2426
4.32 1.2531
4.33 1.2573
4.34 1.2563
4.35 1.2522
4.36 1.248
4.37 1.2468
4.38 1.2511
4.39 1.2622
4.4 1.2795
4.41 1.3017
4.42 1.3267
4.43 1.3526
4.44 1.3776
4.45 1.4009
4.46 1.4218
4.47 1.4406
4.48 1.4574
4.49 1.4728
4.5 1.4873
4.51 1.5011
4.52 1.5143
4.53 1.5269
4.54 1.5383
4.55 1.5477
4.56 1.5541
4.57 1.5565
4.58 1.5539
4.59 1.5457
4.6 1.5315
4.61 1.5115
4.62 1.4865
4.63 1.4576
4.64 1.4259
4.65 1.3928
4.66 1.3598
4.67 1.3279
4.68 1.2984
4.69 1.272
4.7 1.2491
4.71 1.2297
4.72 1.2136
4.73 1.1999
4.74 1.1879
4.75 1.1766
4.76 1.1652
4.77 1.1529
4.78 1.1391
4.79 1.1234
4.8 1.1056
4.81 1.086
4.82 1.0648
4.83 1.0422
4.84 1.0183
4.85 0.99295
4.86 0.96595
4.87 0.93722
4.88 0.90685
4.89 0.8752
4.9 0.84279
4.91 0.81015
4.92 0.77778
4.93 0.74607
4.94 0.71542
4.95 0.68627
4.96 0.65919
4.97 0.63495
4.98 0.61455
4.99 0.59923
5 0.59033
5.01 0.58921
5.02 0.59701
5.03 0.61444
5.04 0.64165
5.05 0.67814
5.06 0.72275
5.07 0.77365
5.08 0.82847
5.09 0.88476
5.1 0.94028
5.11 0.99331
5.12 1.0427
5.13 1.0878
5.14 1.1285
5.15 1.165
5.16 1.1979
5.17 1.2277
5.18 1.2544
5.19 1.2774
5.2 1.2958
5.21 1.3089
5.22 1.3165
5.23 1.319
5.24 1.3175
5.25 1.3138
5.26 1.3105
5.27 1.3103
5.28 1.3158
5.29 1.3276
5.3 1.3453
5.31 1.367
5.32 1.3905
5.33 1.414
5.34 1.4361
5.35 1.4559
5.36 1.4732
5.37 1.4885
5.38 1.5026
5.39 1.5163
5.4 1.5303
5.41 1.5451
5.42 1.5604
5.43 1.5755
5.44 1.5895
5.45 1.6012
5.46 1.6096
5.47 1.6137
5.48 1.6129
5.49 1.6073
5.5 1.597
5.51 1.5829
5.52 1.566
5.53 1.5473
5.54 1.5277
5.55 1.508
5.56 1.4886
5.57 1.4701
5.58 1.4528
5.59 1.4371
5.6 1.4232
5.61 1.4115
5.62 1.4021
5.63 1.395
5.64 1.3901
5.65 1.3873
5.66 1.3861
5.67 1.3863
5.68 1.3876
5.69 1.3899
5.7 1.3931
5.71 1.3973
5.72 1.4023
5.73 1.4082
5.74 1.4146
5.75 1.4215
5.76 1.4288
5.77 1.4364
5.78 1.4443
5.79 1.4524
5.8 1.4606
5.81 1.4688
5.82 1.477
5.83 1.485
5.84 1.4929
5.85 1.5004
5.86 1.5076
5.87 1.5144
5.88 1.5205
5.89 1.526
5.9 1.5307
5.91 1.5344
5.92 1.5374
5.93 1.5395
5.94 1.541
5.95 1.5419
5.96 1.5422
5.97 1.542
5.98 1.5414
5.99 1.5402
6 1.5386
6.01 1.5365
6.02 1.5341
6.03 1.5315
6.04 1.5288
6.05 1.526
6.06 1.5234
6.07 1.5211
6.08 1.5192
6.09 1.5177
6.1 1.5168
6.11 1.5164
6.12 1.5162
6.13 1.5162
6.14 1.5161
6.15 1.5157
6.16 1.5151
6.17 1.5143
6.18 1.5132
6.19 1.512
6.2 1.5107
6.21 1.5093
6.22 1.5079
6.23 1.5064
6.24 1.5048
6.25 1.5031
6.26 1.5013
6.27 1.4995
6.28 1.4976
6.29 1.4957
6.3 1.4938
6.31 1.4919
6.32 1.49
6.33 1.4881
6.34 1.4862
6.35 1.4844
6.36 1.4829
6.37 1.4816
6.38 1.4805
6.39 1.4797
6.4 1.479
6.41 1.4785
6.42 1.4781
6.43 1.4777
6.44 1.4775
6.45 1.4773
6.46 1.4773
6.47 1.4774
6.48 1.4776
6.49 1.4779
6.5 1.4782
6.51 1.4785
6.52 1.4789
6.53 1.4793
6.54 1.4798
6.55 1.4803
6.56 1.4808
6.57 1.4813
6.58 1.4817
6.59 1.4821
6.6 1.4824
6.61 1.4826
6.62 1.4828
6.63 1.4829
6.64 1.4831
6.65 1.4834
6.66 1.4838
6.67 1.4843
6.68 1.4849
6.69 1.4856
6.7 1.4863
6.71 1.487
6.72 1.4877
6.73 1.4884
6.74 1.4892
6.75 1.49
6.76 1.4909
6.77 1.4917
6.78 1.4926
6.79 1.4933
6.8 1.4938
6.81 1.4941
6.82 1.4942
6.83 1.4941
6.84 1.4939
6.85 1.4936
6.86 1.4932
6.87 1.4929
6.88 1.4926
