0 0.17076
0.01 0.17041
0.02 0.17001
0.03 0.16956
0.04 0.16902
0.05 0.16838
0.06 0.1676
0.07 0.16667
0.08 0.16559
0.09 0.16435
0.1 0.16297
0.11 0.16146
0.12 0.15986
0.13 0.15824
0.14 0.15671
0.15 0.15535
0.16 0.1542
0.17 0.15323
0.18 0.15239
0.19 0.15158
0.2 0.15077
0.21 0.14996
0.22 0.14912
0.23 0.1482
0.24 0.14714
0.25 0.14588
0.26 0.14435
0.27 0.14249
0.28 0.14024
0.29 0.13759
0.3 0.13455
0.31 0.13116
0.32 0.12745
0.33 0.12347
0.34 0.11924
0.35 0.11478
0.36 0.1101
0.37 0.10523
0.38 0.10017
0.39 0.094941
0.4 0.089568
0.41 0.084072
0.42 0.078488
0.43 0.072872
0.44 0.067298
0.45 0.061855
0.46 0.056639
0.47 0.051736
0.48 0.047213
0.49 0.043115
0.5 0.03947
0.51 0.036302
0.52 0.033635
0.53 0.031489
0.54 0.029883
0.55 0.028824
0.56 0.028311
0.57 0.028337
0.58 0.028894
0.59 0.029971
0.6 0.031558
0.61 0.03365
0.62 0.036249
0.63 0.039355
0.64 0.042959
0.65 0.047039
0.66 0.051557
0.67 0.056456
0.68 0.061674
0.69 0.06715
0.7 0.072826
0.71 0.078641
0.72 0.084523
0.73 0.090391
0.74 0.096152
0.75 0.10171
0.76 0.10699
0.77 0.1119
0.78 0.11639
0.79 0.12039
0.8 0.12387
0.81 0.12681
0.82 0.12924
0.83 0.1312
0.84 0.13277
0.85 0.13404
0.86 0.13509
0.87 0.13602
0.88 0.13692
0.89 0.13789
0.9 0.13901
0.91 0.14031
0.92 0.14178
0.93 0.14336
0.94 0.14494
0.95 0.14646
0.96 0.14783
0.97 0.14905
0.98 0.15016
0.99 0.15121
1 0.15227
1.01 0.15339
1.02 0.1546
1.03 0.1559
1.04 0.1573
1.05 0.15876
1.06 0.16024
1.07 0.16167
1.08 0.16297
1.09 0.16403
1.1 0.16476
1.11 0.16509
1.12 0.16496
1.13 0.16434
1.14 0.16324
1.15 0.16166
1.16 0.15964
1.17 0.15722
1.18 0.15444
1.19 0.15133
1.2 0.1479
1.21 0.14419
1.22 0.1402
1.23 0.13593
1.24 0.13139
1.25 0.1266
1.26 0.12162
1.27 0.11652
1.28 0.11144
1.29 0.10652
1.3 0.1019
1.31 0.097664
1.32 0.093855
1.33 0.090447
1.34 0.087385
1.35 0.084598
1.36 0.082025
1.37 0.079616
1.38 0.077348
1.39 0.075218
1.4 0.073246
1.41 0.071471
1.42 0.06995
1.43 0.068752
1.44 0.06796
1.45 0.067674
1.46 0.067996
1.47 0.069008
1.48 0.070761
1.49 0.073252
1.5 0.076434
1.51 0.080227
1.52 0.084534
1.53 0.089247
1.54 0.094248
1.55 0.09941
1.56 0.1046
1.57 0.1097
1.58 0.11461
1.59 0.11923
1.6 0.12352
1.61 0.12744
1.62 0.13097
1.63 0.13406
1.64 0.13669
1.65 0.13881
1.66 0.14043
1.67 0.14158
1.68 0.14232
1.69 0.14277
1.7 0.14302
1.71 0.14319
1.72 0.14335
1.73 0.14357
1.74 0.14387
1.75 0.14426
1.76 0.14473
1.77 0.14525
1.78 0.14583
1.79 0.14644
1.8 0.14708
1.81 0.14769
1.82 0.14821
1.83 0.14852
1.84 0.14855
1.85 0.14824
1.86 0.14758
1.87 0.14666
1.88 0.14559
1.89 0.14452
1.9 0.14362
1.91 0.14302
1.92 0.14278
1.93 0.14295
1.94 0.14352
1.95 0.14444
1.96 0.14563
1.97 0.14698
1.98 0.14832
1.99 0.14952
2 0.15046
2.01 0.15105
2.02 0.15128
2.03 0.15116
2.04 0.15068
2.05 0.14985
2.06 0.14864
2.07 0.14705
2.08 0.14506
2.09 0.14269
2.1 0.13998
2.11 0.13696
2.12 0.13372
2.13 0.13032
2.14 0.12682
2.15 0.1233
2.16 0.11984
2.17 0.1165
2.18 0.11332
2.19 0.11031
2.2 0.10742
2.21 0.10459
2.22 0.10174
2.23 0.098842
2.24 0.095889
2.25 0.09295
2.26 0.090135
2.27 0.087581
2.28 0.085421
2.29 0.08376
2.3 0.082671
2.31 0.082215
2.32 0.082454
2.33 0.083459
2.34 0.085303
2.35 0.088033
2.36 0.091645
2.37 0.096065
2.38 0.10115
2.39 0.10673
2.4 0.1126
2.41 0.11862
2.42 0.12466
2.43 0.13062
2.44 0.13641
2.45 0.14194
2.46 0.14713
2.47 0.15193
2.48 0.15633
2.49 0.16032
2.5 0.16395
2.51 0.16724
2.52 0.17021
2.53 0.1729
2.54 0.1753
2.55 0.17743
2.56 0.1793
2.57 0.18095
2.58 0.18241
2.59 0.18376
2.6 0.18501
2.61 0.1862
2.62 0.18734
2.63 0.18841
2.64 0.18943
2.65 0.1904
2.66 0.19131
2.67 0.19216
2.68 0.19292
2.69 0.19354
2.7 0.19396
2.71 0.19414
2.72 0.19405
2.73 0.19372
2.74 0.19325
2.75 0.19277
2.76 0.19246
2.77 0.19253
2.78 0.19311
2.79 0.19428
2.8 0.19606
2.81 0.19837
2.82 0.20108
2.83 0.20401
2.84 0.20699
2.85 0.20986
2.86 0.21248
2.87 0.21477
2.88 0.21668
2.89 0.21817
2.9 0.21921
2.91 0.21979
2.92 0.2199
2.93 0.21954
2.94 0.21875
2.95 0.21757
2.96 0.21605
2.97 0.2142
2.98 0.21203
2.99 0.20954
3 0.2067
3.01 0.2035
3.02 0.19997
3.03 0.19612
3.04 0.19198
3.05 0.18759
3.06 0.18298
3.07 0.1782
3.08 0.17333
3.09 0.16841
3.1 0.1635
3.11 0.15864
3.12 0.15384
3.13 0.14908
3.14 0.1444
3.15 0.13984
3.16 0.13551
3.17 0.13154
3.18 0.12807
3.19 0.12528
3.2 0.12333
3.21 0.12238
3.22 0.12259
3.23 0.12402
3.24 0.12668
3.25 0.13049
3.26 0.13531
3.27 0.14095
3.28 0.14722
3.29 0.15394
3.3 0.16093
3.31 0.16804
3.32 0.17515
3.33 0.18215
3.34 0.18899
3.35 0.19564
3.36 0.2021
3.37 0.20839
3.38 0.21454
3.39 0.22057
3.4 0.22648
3.41 0.23225
3.42 0.23784
3.43 0.2432
3.44 0.24826
3.45 0.25296
3.46 0.25724
3.47 0.26105
3.48 0.26432
3.49 0.267
3.5 0.26903
3.51 0.27041
3.52 0.27118
3.53 0.27142
3.54 0.27125
3.55 0.27076
3.56 0.27002
3.57 0.26909
3.58 0.26796
3.59 0.26663
3.6 0.26504
3.61 0.26317
3.62 0.26098
3.63 0.25846
3.64 0.25557
3.65 0.25236
3.66 0.2489
3.67 0.24534
3.68 0.2419
3.69 0.2388
3.7 0.23623
3.71 0.2343
3.72 0.23305
3.73 0.23248
3.74 0.23252
3.75 0.23309
3.76 0.23408
3.77 0.23533
3.78 0.23669
3.79 0.238
3.8 0.23907
3.81 0.23975
3.82 0.23992
3.83 0.23948
3.84 0.23836
3.85 0.23657
3.86 0.23414
3.87 0.23112
3.88 0.22756
3.89 0.22352
3.9 0.21904
3.91 0.21419
3.92 0.20903
3.93 0.20368
3.94 0.19823
3.95 0.1928
3.96 0.18752
3.97 0.18247
3.98 0.17774
3.99 0.17339
4 0.16945
4.01 0.16588
4.02 0.16261
4.03 0.15956
4.04 0.15663
4.05 0.15378
4.06 0.15098
4.07 0.14828
4.08 0.14568
4.09 0.14321
4.1 0.14092
4.11 0.13887
4.12 0.13717
4.13 0.13599
4.14 0.13552
4.15 0.1359
4.16 0.13722
4.17 0.13946
4.18 0.14255
4.19 0.14634
4.2 0.15069
4.21 0.15542
4.22 0.16038
4.23 0.16541
4.24 0.17039
4.25 0.1752
4.26 0.17978
4.27 0.18407
4.28 0.18806
4.29 0.19174
4.3 0.19515
4.31 0.19831
4.32 0.20126
4.33 0.204
4.34 0.20658
4.35 0.20904
4.36 0.21143
4.37 0.21381
4.38 0.21622
4.39 0.21867
4.4 0.22115
4.41 0.22362
4.42 0.22603
4.43 0.22837
4.44 0.23063
4.45 0.23278
4.46 0.23479
4.47 0.23658
4.48 0.23803
4.49 0.23906
4.5 0.2396
4.51 0.23965
4.52 0.23927
4.53 0.23854
4.54 0.23757
4.55 0.23642
4.56 0.23521
4.57 0.23404
4.58 0.23301
4.59 0.23223
4.6 0.23175
4.61 0.23157
4.62 0.23164
4.63 0.23189
4.64 0.23221
4.65 0.23252
4.66 0.23272
4.67 0.23269
4.68 0.23234
4.69 0.23157
4.7 0.2303
4.71 0.22848
4.72 0.2261
4.73 0.22318
4.74 0.21973
4.75 0.21582
4.76 0.21149
4.77 0.20683
4.78 0.20188
4.79 0.19673
4.8 0.19142
4.81 0.18602
4.82 0.18059
4.83 0.17523
4.84 0.17001
4.85 0.165
4.86 0.16027
4.87 0.15584
4.88 0.1517
4.89 0.1478
4.9 0.14408
4.91 0.14044
4.92 0.13685
4.93 0.13328
4.94 0.12978
4.95 0.12639
4.96 0.12319
4.97 0.12025
4.98 0.11763
4.99 0.11539
5 0.11359
5.01 0.11237
5.02 0.11182
5.03 0.11208
5.04 0.1132
5.05 0.1152
5.06 0.11803
5.07 0.12159
5.08 0.12575
5.09 0.13035
5.1 0.13525
5.11 0.14031
5.12 0.14541
5.13 0.15044
5.14 0.15534
5.15 0.16005
5.16 0.16453
5.17 0.16878
5.18 0.17277
5.19 0.17653
5.2 0.18003
5.21 0.18329
5.22 0.18627
5.23 0.189
5.24 0.19147
5.25 0.19373
5.26 0.19586
5.27 0.19795
5.28 0.20007
5.29 0.2023
5.3 0.20467
5.31 0.20717
5.32 0.20976
5.33 0.21241
5.34 0.21505
5.35 0.21763
5.36 0.22005
5.37 0.2222
5.38 0.22394
5.39 0.22516
5.4 0.22576
5.41 0.22571
5.42 0.22503
5.43 0.2238
5.44 0.2221
5.45 0.22005
5.46 0.2178
5.47 0.21549
5.48 0.21327
5.49 0.21122
5.5 0.20937
5.51 0.20769
5.52 0.20609
5.53 0.2045
5.54 0.20283
5.55 0.20101
5.56 0.19899
5.57 0.19675
5.58 0.19426
5.59 0.19154
5.6 0.18863
5.61 0.18561
5.62 0.18257
5.63 0.17963
5.64 0.1769
5.65 0.17447
5.66 0.1724
5.67 0.17067
5.68 0.16929
5.69 0.1682
5.7 0.16739
5.71 0.16683
5.72 0.16647
5.73 0.16628
5.74 0.16618
5.75 0.16612
5.76 0.16606
5.77 0.16599
5.78 0.16592
5.79 0.16589
5.8 0.16593
5.81 0.16607
5.82 0.16632
5.83 0.16667
5.84 0.1671
5.85 0.16755
5.86 0.16798
5.87 0.16834
5.88 0.1686
5.89 0.16872
5.9 0.16867
5.91 0.16844
5.92 0.16803
5.93 0.16742
5.94 0.16657
5.95 0.16548
5.96 0.16413
5.97 0.16252
5.98 0.16066
5.99 0.15855
6 0.15624
6.01 0.15375
6.02 0.15114
6.03 0.14847
6.04 0.14578
6.05 0.14313
6.06 0.14055
6.07 0.1381
6.08 0.13579
6.09 0.13368
6.1 0.13178
6.11 0.13013
6.12 0.12873
6.13 0.12757
6.14 0.12662
6.15 0.12586
6.16 0.12526
6.17 0.12477
6.18 0.12438
6.19 0.12407
6.2 0.12383
6.21 0.12366
6.22 0.12355
6.23 0.1235
6.24 0.12353
6.25 0.12363
6.26 0.1238
6.27 0.12403
6.28 0.1243
6.29 0.12458
6.3 0.12487
6.31 0.12517
6.32 0.12547
6.33 0.1258
6.34 0.12616
6.35 0.12657
6.36 0.12702
6.37 0.12751
6.38 0.12801
6.39 0.12849
6.4 0.12893
6.41 0.12932
6.42 0.12967
6.43 0.12996
6.44 0.1302
6.45 0.13037
6.46 0.13048
6.47 0.13053
6.48 0.13057
6.49 0.13064
6.5 0.13078
6.51 0.13103
6.52 0.13141
6.53 0.13191
6.54 0.13253
6.55 0.13327
6.56 0.1341
6.57 0.135
6.58 0.13596
6.59 0.13695
6.6 0.13795
6.61 0.13892
6.62 0.13985
6.63 0.14071
6.64 0.1415
6.65 0.14223
6.66 0.14289
6.67 0.14349
6.68 0.14404
6.69 0.14453
6.7 0.14498
6.71 0.14539
6.72 0.14576
6.73 0.1461
6.74 0.14639
6.75 0.14665
6.76 0.14687
6.77 0.14706
6.78 0.14722
6.79 0.14735
6.8 0.14747
6.81 0.14758
6.82 0.14766
6.83 0.14772
6.84 0.14776
6.85 0.14777
6.86 0.14776
6.87 0.14773
6.88 0.14768
