0 3.1529
0.01 3.1543
0.02 3.1559
0.03 3.1575
0.04 3.1594
0.05 3.1613
0.06 3.1633
0.07 3.1653
0.08 3.1671
0.09 3.1686
0.1 3.1697
0.11 3.1704
0.12 3.1704
0.13 3.1698
0.14 3.1686
0.15 3.1667
0.16 3.1641
0.17 3.1608
0.18 3.1568
0.19 3.1521
0.2 3.1469
0.21 3.141
0.22 3.1347
0.23 3.128
0.24 3.121
0.25 3.1137
0.26 3.1065
0.27 3.0994
0.28 3.0926
0.29 3.0862
0.3 3.0804
0.31 3.0754
0.32 3.0713
0.33 3.0681
0.34 3.066
0.35 3.0649
0.36 3.065
0.37 3.0663
0.38 3.0685
0.39 3.0718
0.4 3.076
0.41 3.081
0.42 3.0866
0.43 3.0926
0.44 3.099
0.45 3.1055
0.46 3.1119
0.47 3.118
0.48 3.1238
0.49 3.129
0.5 3.1335
0.51 3.1371
0.52 3.1396
0.53 3.1409
0.54 3.1409
0.55 3.1396
0.56 3.137
0.57 3.1333
0.58 3.1287
0.59 3.1234
0.6 3.1176
0.61 3.1115
0.62 3.1052
0.63 3.0987
0.64 3.092
0.65 3.0853
0.66 3.0783
0.67 3.0712
0.68 3.0638
0.69 3.0562
0.7 3.0484
0.71 3.0406
0.72 3.0327
0.73 3.0251
0.74 3.0178
0.75 3.011
0.76 3.0049
0.77 2.9998
0.78 2.9958
0.79 2.9931
0.8 2.9919
0.81 2.9923
0.82 2.9942
0.83 2.9979
0.84 3.0032
0.85 3.01
0.86 3.0184
0.87 3.028
0.88 3.0385
0.89 3.0497
0.9 3.0612
0.91 3.0725
0.92 3.0833
0.93 3.0931
0.94 3.1018
0.95 3.109
0.96 3.1146
0.97 3.1185
0.98 3.1207
0.99 3.1214
1 3.1206
1.01 3.1185
1.02 3.1153
1.03 3.1112
1.04 3.1063
1.05 3.1008
1.06 3.0949
1.07 3.0888
1.08 3.0827
1.09 3.0765
1.1 3.0703
1.11 3.0642
1.12 3.0582
1.13 3.0522
1.14 3.0462
1.15 3.0402
1.16 3.0342
1.17 3.0281
1.18 3.022
1.19 3.016
1.2 3.0102
1.21 3.0048
1.22 2.9999
1.23 2.9959
1.24 2.9928
1.25 2.991
1.26 2.9905
1.27 2.9915
1.28 2.9942
1.29 2.9985
1.3 3.0043
1.31 3.0116
1.32 3.0201
1.33 3.0295
1.34 3.0394
1.35 3.0496
1.36 3.0596
1.37 3.0691
1.38 3.0778
1.39 3.0854
1.4 3.0919
1.41 3.0971
1.42 3.101
1.43 3.1037
1.44 3.1051
1.45 3.1052
1.46 3.1039
1.47 3.1013
1.48 3.0973
1.49 3.092
1.5 3.0856
1.51 3.0783
1.52 3.0702
1.53 3.0617
1.54 3.053
1.55 3.0441
1.56 3.0354
1.57 3.0268
1.58 3.0186
1.59 3.0106
1.6 3.0031
1.61 2.996
1.62 2.9894
1.63 2.9834
1.64 2.9779
1.65 2.9732
1.66 2.9692
1.67 2.9661
1.68 2.964
1.69 2.9629
1.7 2.9631
1.71 2.9647
1.72 2.9678
1.73 2.9724
1.74 2.9787
1.75 2.9864
1.76 2.9955
1.77 3.0057
1.78 3.0167
1.79 3.0281
1.8 3.0397
1.81 3.0509
1.82 3.0615
1.83 3.0709
1.84 3.0791
1.85 3.0857
1.86 3.0906
1.87 3.0938
1.88 3.0954
1.89 3.0953
1.9 3.0939
1.91 3.0911
1.92 3.0874
1.93 3.083
1.94 3.0781
1.95 3.0729
1.96 3.0677
1.97 3.0626
1.98 3.0576
1.99 3.0528
2 3.0482
2.01 3.0437
2.02 3.0394
2.03 3.0351
2.04 3.0309
2.05 3.0266
2.06 3.0223
2.07 3.0179
2.08 3.0135
2.09 3.0094
2.1 3.0057
2.11 3.0027
2.12 3.0005
2.13 2.9996
2.14 3
2.15 3.0019
2.16 3.0053
2.17 3.0104
2.18 3.0171
2.19 3.0251
2.2 3.0344
2.21 3.0445
2.22 3.055
2.23 3.0655
2.24 3.0756
2.25 3.0848
2.26 3.0928
2.27 3.0995
2.28 3.1048
2.29 3.1085
2.3 3.1106
2.31 3.1111
2.32 3.1099
2.33 3.1072
2.34 3.103
2.35 3.0976
2.36 3.0911
2.37 3.0838
2.38 3.076
2.39 3.068
2.4 3.0599
2.41 3.0518
2.42 3.0441
2.43 3.0367
2.44 3.0296
2.45 3.023
2.46 3.0168
2.47 3.011
2.48 3.0056
2.49 3.0009
2.5 2.9967
2.51 2.9933
2.52 2.9907
2.53 2.9889
2.54 2.9882
2.55 2.9884
2.56 2.9897
2.57 2.9922
2.58 2.996
2.59 3.0012
2.6 3.0078
2.61 3.0159
2.62 3.0253
2.63 3.036
2.64 3.0477
2.65 3.0601
2.66 3.0728
2.67 3.0854
2.68 3.0974
2.69 3.1084
2.7 3.118
2.71 3.1258
2.72 3.1317
2.73 3.1355
2.74 3.1371
2.75 3.1365
2.76 3.134
2.77 3.1298
2.78 3.124
2.79 3.1171
2.8 3.1093
2.81 3.101
2.82 3.0924
2.83 3.0838
2.84 3.0754
2.85 3.0672
2.86 3.0592
2.87 3.0516
2.88 3.0442
2.89 3.0371
2.9 3.0302
2.91 3.0235
2.92 3.017
2.93 3.0107
2.94 3.0048
2.95 2.9992
2.96 2.9943
2.97 2.9903
2.98 2.9875
2.99 2.986
3 2.986
3.01 2.9878
3.02 2.9914
3.03 2.9968
3.04 3.004
3.05 3.013
3.06 3.0237
3.07 3.0357
3.08 3.0489
3.09 3.0629
3.1 3.0772
3.11 3.0916
3.12 3.1055
3.13 3.1186
3.14 3.1305
3.15 3.141
3.16 3.1498
3.17 3.1567
3.18 3.1615
3.19 3.1642
3.2 3.1648
3.21 3.1633
3.22 3.1599
3.23 3.1548
3.24 3.1481
3.25 3.14
3.26 3.1306
3.27 3.1203
3.28 3.1091
3.29 3.0974
3.3 3.0854
3.31 3.0731
3.32 3.0609
3.33 3.049
3.34 3.0373
3.35 3.0261
3.36 3.0154
3.37 3.0054
3.38 2.9962
3.39 2.9878
3.4 2.9803
3.41 2.9738
3.42 2.9684
3.43 2.9641
3.44 2.961
3.45 2.9593
3.46 2.959
3.47 2.9602
3.48 2.9629
3.49 2.9674
3.5 2.9735
3.51 2.9813
3.52 2.9907
3.53 3.0016
3.54 3.0137
3.55 3.0267
3.56 3.0404
3.57 3.0542
3.58 3.0677
3.59 3.0804
3.6 3.0921
3.61 3.1023
3.62 3.1109
3.63 3.1178
3.64 3.1227
3.65 3.1257
3.66 3.1268
3.67 3.1261
3.68 3.1236
3.69 3.1196
3.7 3.1143
3.71 3.108
3.72 3.101
3.73 3.0936
3.74 3.086
3.75 3.0784
3.76 3.0707
3.77 3.0632
3.78 3.0559
3.79 3.0487
3.8 3.0419
3.81 3.0353
3.82 3.0289
3.83 3.0228
3.84 3.0171
3.85 3.0117
3.86 3.0066
3.87 3.002
3.88 2.9979
3.89 2.9943
3.9 2.9915
3.91 2.9897
3.92 2.989
3.93 2.9896
3.94 2.9917
3.95 2.9955
3.96 3.0009
3.97 3.008
3.98 3.0166
3.99 3.0265
4 3.0373
4.01 3.0487
4.02 3.0601
4.03 3.0713
4.04 3.0818
4.05 3.0913
4.06 3.0995
4.07 3.1063
4.08 3.1114
4.09 3.1148
4.1 3.1164
4.11 3.1164
4.12 3.1146
4.13 3.1115
4.14 3.107
4.15 3.1013
4.16 3.0947
4.17 3.0872
4.18 3.0789
4.19 3.0701
4.2 3.0608
4.21 3.0512
4.22 3.0415
4.23 3.0319
4.24 3.0225
4.25 3.0133
4.26 3.0046
4.27 2.9965
4.28 2.9892
4.29 2.9827
4.3 2.9771
4.31 2.9727
4.32 2.9695
4.33 2.9675
4.34 2.9669
4.35 2.9676
4.36 2.9698
4.37 2.9736
4.38 2.9791
4.39 2.9862
4.4 2.995
4.41 3.0053
4.42 3.0169
4.43 3.0293
4.44 3.0423
4.45 3.0554
4.46 3.0682
4.47 3.0803
4.48 3.0913
4.49 3.1008
4.5 3.1087
4.51 3.115
4.52 3.1196
4.53 3.1226
4.54 3.124
4.55 3.124
4.56 3.1227
4.57 3.1201
4.58 3.1164
4.59 3.1117
4.6 3.1063
4.61 3.1004
4.62 3.094
4.63 3.0874
4.64 3.0807
4.65 3.074
4.66 3.0673
4.67 3.0607
4.68 3.0542
4.69 3.0479
4.7 3.0419
4.71 3.0362
4.72 3.0307
4.73 3.0256
4.74 3.0207
4.75 3.0161
4.76 3.0118
4.77 3.0081
4.78 3.005
4.79 3.0028
4.8 3.0016
4.81 3.0017
4.82 3.0031
4.83 3.0061
4.84 3.0107
4.85 3.0168
4.86 3.0245
4.87 3.0335
4.88 3.0436
4.89 3.0544
4.9 3.0657
4.91 3.0771
4.92 3.0881
4.93 3.0985
4.94 3.1078
4.95 3.1158
4.96 3.1225
4.97 3.1277
4.98 3.1313
4.99 3.1332
5 3.1335
5.01 3.1322
5.02 3.1293
5.03 3.1251
5.04 3.1197
5.05 3.1132
5.06 3.1059
5.07 3.0978
5.08 3.0893
5.09 3.0806
5.1 3.0717
5.11 3.0628
5.12 3.0541
5.13 3.0455
5.14 3.0373
5.15 3.0295
5.16 3.0223
5.17 3.0156
5.18 3.0097
5.19 3.0046
5.2 3.0004
5.21 2.9972
5.22 2.995
5.23 2.9938
5.24 2.9937
5.25 2.9947
5.26 2.9967
5.27 2.9998
5.28 3.0041
5.29 3.0095
5.3 3.0161
5.31 3.0239
5.32 3.0327
5.33 3.0423
5.34 3.0524
5.35 3.0629
5.36 3.0733
5.37 3.0834
5.38 3.0928
5.39 3.1011
5.4 3.1083
5.41 3.1141
5.42 3.1186
5.43 3.1217
5.44 3.1236
5.45 3.1244
5.46 3.1241
5.47 3.1228
5.48 3.1206
5.49 3.1176
5.5 3.114
5.51 3.11
5.52 3.1056
5.53 3.101
5.54 3.0965
5.55 3.0922
5.56 3.0882
5.57 3.0848
5.58 3.0819
5.59 3.0797
5.6 3.0781
5.61 3.0771
5.62 3.0767
5.63 3.0767
5.64 3.077
5.65 3.0776
5.66 3.0782
5.67 3.0789
5.68 3.0796
5.69 3.0802
5.7 3.0809
5.71 3.0816
5.72 3.0824
5.73 3.0833
5.74 3.0842
5.75 3.0851
5.76 3.086
5.77 3.0866
5.78 3.0871
5.79 3.0873
5.8 3.0871
5.81 3.0866
5.82 3.0856
5.83 3.0841
5.84 3.0823
5.85 3.08
5.86 3.0774
5.87 3.0744
5.88 3.0713
5.89 3.068
5.9 3.0647
5.91 3.0615
5.92 3.0584
5.93 3.0556
5.94 3.053
5.95 3.0507
5.96 3.0487
5.97 3.047
5.98 3.0455
5.99 3.0442
6 3.043
6.01 3.042
6.02 3.0411
6.03 3.0404
6.04 3.0397
6.05 3.0391
6.06 3.0387
6.07 3.0384
6.08 3.0383
6.09 3.0384
6.1 3.0386
6.11 3.0391
6.12 3.0398
6.13 3.0406
6.14 3.0417
6.15 3.0429
6.16 3.0442
6.17 3.0457
6.18 3.0474
6.19 3.0492
6.2 3.0512
6.21 3.0533
6.22 3.0556
6.23 3.0579
6.24 3.0603
6.25 3.0626
6.26 3.0649
6.27 3.0671
6.28 3.0693
6.29 3.0714
6.3 3.0733
6.31 3.0753
6.32 3.0771
6.33 3.079
6.34 3.0807
6.35 3.0825
6.36 3.0841
6.37 3.0858
6.38 3.0873
6.39 3.0888
6.4 3.0901
6.41 3.0914
6.42 3.0926
6.43 3.0937
6.44 3.0947
6.45 3.0956
6.46 3.0964
6.47 3.0972
6.48 3.0978
6.49 3.0984
6.5 3.0989
6.51 3.0995
6.52 3.1
6.53 3.1006
6.54 3.1012
6.55 3.1018
6.56 3.1025
6.57 3.1032
6.58 3.1038
6.59 3.1045
6.6 3.1051
6.61 3.1056
6.62 3.1061
6.63 3.1065
6.64 3.1069
6.65 3.1072
6.66 3.1074
6.67 3.1077
6.68 3.1079
6.69 3.1081
6.7 3.1083
6.71 3.1084
6.72 3.1086
6.73 3.1088
6.74 3.1089
6.75 3.1091
6.76 3.1092
6.77 3.1093
6.78 3.1093
6.79 3.1093
6.8 3.1093
6.81 3.1093
6.82 3.1092
6.83 3.1091
6.84 3.109
6.85 3.109
6.86 3.1089
6.87 3.1088
6.88 3.1088
