0 0.53331
0.01 0.53289
0.02 0.53244
0.03 0.53196
0.04 0.53143
0.05 0.53087
0.06 0.53029
0.07 0.52972
0.08 0.52918
0.09 0.52871
0.1 0.52834
0.11 0.5281
0.12 0.528
0.13 0.52805
0.14 0.52826
0.15 0.52862
0.16 0.52914
0.17 0.52982
0.18 0.53065
0.19 0.53162
0.2 0.53273
0.21 0.53397
0.22 0.53531
0.23 0.53676
0.24 0.53828
0.25 0.53987
0.26 0.54149
0.27 0.54311
0.28 0.54469
0.29 0.54618
0.3 0.54754
0.31 0.54872
0.32 0.54969
0.33 0.55042
0.34 0.55089
0.35 0.55109
0.36 0.55101
0.37 0.55066
0.38 0.55005
0.39 0.54919
0.4 0.54811
0.41 0.54683
0.42 0.5454
0.43 0.54384
0.44 0.54222
0.45 0.54057
0.46 0.53893
0.47 0.53735
0.48 0.53586
0.49 0.53451
0.5 0.53335
0.51 0.5324
0.52 0.53172
0.53 0.53134
0.54 0.53128
0.55 0.53156
0.56 0.53215
0.57 0.53301
0.58 0.5341
0.59 0.53533
0.6 0.53668
0.61 0.53809
0.62 0.53953
0.63 0.541
0.64 0.54248
0.65 0.54398
0.66 0.5455
0.67 0.54707
0.68 0.54869
0.69 0.55037
0.7 0.5521
0.71 0.55386
0.72 0.55564
0.73 0.55741
0.74 0.55913
0.75 0.56076
0.76 0.56226
0.77 0.56357
0.78 0.56464
0.79 0.56542
0.8 0.56587
0.81 0.56596
0.82 0.56565
0.83 0.56494
0.84 0.56381
0.85 0.56228
0.86 0.56036
0.87 0.55811
0.88 0.55559
0.89 0.55289
0.9 0.5501
0.91 0.54732
0.92 0.54467
0.93 0.54223
0.94 0.54009
0.95 0.53832
0.96 0.53697
0.97 0.53604
0.98 0.53554
0.99 0.53544
1 0.53569
1.01 0.53626
1.02 0.53712
1.03 0.53821
1.04 0.53947
1.05 0.54086
1.06 0.54233
1.07 0.54383
1.08 0.54532
1.09 0.54679
1.1 0.54822
1.11 0.54962
1.12 0.55098
1.13 0.55232
1.14 0.55366
1.15 0.55499
1.16 0.55635
1.17 0.55773
1.18 0.55914
1.19 0.56054
1.2 0.56193
1.21 0.56325
1.22 0.56446
1.23 0.56552
1.24 0.56636
1.25 0.56694
1.26 0.56719
1.27 0.56707
1.28 0.56654
1.29 0.56561
1.3 0.56427
1.31 0.56256
1.32 0.56053
1.33 0.55824
1.34 0.55579
1.35 0.55327
1.36 0.55078
1.37 0.54842
1.38 0.54626
1.39 0.54437
1.4 0.54279
1.41 0.54155
1.42 0.54064
1.43 0.54005
1.44 0.5398
1.45 0.53988
1.46 0.5403
1.47 0.54105
1.48 0.54212
1.49 0.54348
1.5 0.54509
1.51 0.54688
1.52 0.54881
1.53 0.55081
1.54 0.55283
1.55 0.55483
1.56 0.55677
1.57 0.55862
1.58 0.56038
1.59 0.56203
1.6 0.56359
1.61 0.56504
1.62 0.5664
1.63 0.56767
1.64 0.56883
1.65 0.56988
1.66 0.5708
1.67 0.57156
1.68 0.57213
1.69 0.57248
1.7 0.57256
1.71 0.57233
1.72 0.57174
1.73 0.57077
1.74 0.5694
1.75 0.56764
1.76 0.56553
1.77 0.56313
1.78 0.5605
1.79 0.55774
1.8 0.55494
1.81 0.5522
1.82 0.54964
1.83 0.54735
1.84 0.54542
1.85 0.5439
1.86 0.54281
1.87 0.54215
1.88 0.54191
1.89 0.54207
1.9 0.54256
1.91 0.54334
1.92 0.54433
1.93 0.54546
1.94 0.54665
1.95 0.54785
1.96 0.549
1.97 0.55009
1.98 0.55109
1.99 0.55201
2 0.55286
2.01 0.55366
2.02 0.55443
2.03 0.5552
2.04 0.556
2.05 0.55685
2.06 0.55777
2.07 0.55876
2.08 0.55981
2.09 0.56088
2.1 0.56191
2.11 0.56282
2.12 0.56355
2.13 0.56402
2.14 0.56416
2.15 0.56393
2.16 0.5633
2.17 0.56224
2.18 0.56076
2.19 0.5589
2.2 0.5567
2.21 0.55428
2.22 0.55173
2.23 0.54917
2.24 0.54673
2.25 0.5445
2.26 0.54257
2.27 0.54099
2.28 0.53979
2.29 0.53898
2.3 0.53858
2.31 0.53858
2.32 0.53898
2.33 0.53976
2.34 0.54087
2.35 0.54225
2.36 0.54383
2.37 0.54556
2.38 0.54736
2.39 0.54918
2.4 0.55095
2.41 0.55266
2.42 0.55425
2.43 0.55573
2.44 0.55708
2.45 0.55831
2.46 0.55944
2.47 0.56046
2.48 0.56139
2.49 0.56221
2.5 0.56293
2.51 0.56352
2.52 0.56397
2.53 0.56427
2.54 0.5644
2.55 0.56435
2.56 0.56408
2.57 0.56357
2.58 0.56277
2.59 0.56165
2.6 0.56018
2.61 0.55836
2.62 0.55618
2.63 0.55369
2.64 0.55094
2.65 0.548
2.66 0.54498
2.67 0.54197
2.68 0.5391
2.69 0.53647
2.7 0.5342
2.71 0.53235
2.72 0.53101
2.73 0.53018
2.74 0.52989
2.75 0.5301
2.76 0.53077
2.77 0.53182
2.78 0.53318
2.79 0.53474
2.8 0.53643
2.81 0.53816
2.82 0.53985
2.83 0.54145
2.84 0.54293
2.85 0.54427
2.86 0.5455
2.87 0.54664
2.88 0.5477
2.89 0.54872
2.9 0.54974
2.91 0.55078
2.92 0.55188
2.93 0.55302
2.94 0.55419
2.95 0.55538
2.96 0.55652
2.97 0.55756
2.98 0.55843
2.99 0.55906
3 0.55938
3.01 0.55934
3.02 0.55891
3.03 0.55806
3.04 0.55678
3.05 0.55507
3.06 0.55295
3.07 0.55046
3.08 0.54767
3.09 0.54465
3.1 0.54149
3.11 0.53831
3.12 0.5352
3.13 0.53227
3.14 0.5296
3.15 0.52729
3.16 0.52538
3.17 0.52393
3.18 0.52296
3.19 0.52247
3.2 0.52244
3.21 0.52285
3.22 0.52363
3.23 0.52473
3.24 0.5261
3.25 0.5277
3.26 0.52948
3.27 0.53138
3.28 0.53337
3.29 0.5354
3.3 0.53746
3.31 0.5395
3.32 0.5415
3.33 0.54345
3.34 0.54534
3.35 0.54716
3.36 0.5489
3.37 0.55057
3.38 0.55214
3.39 0.55362
3.4 0.555
3.41 0.55627
3.42 0.55741
3.43 0.5584
3.44 0.55921
3.45 0.55981
3.46 0.56016
3.47 0.56023
3.48 0.55998
3.49 0.55939
3.5 0.55843
3.51 0.55709
3.52 0.55536
3.53 0.55328
3.54 0.55088
3.55 0.54821
3.56 0.54537
3.57 0.54244
3.58 0.53956
3.59 0.53682
3.6 0.53433
3.61 0.53217
3.62 0.5304
3.63 0.52906
3.64 0.52817
3.65 0.52774
3.66 0.52775
3.67 0.52818
3.68 0.52899
3.69 0.53013
3.7 0.53151
3.71 0.53306
3.72 0.53467
3.73 0.5363
3.74 0.53787
3.75 0.53935
3.76 0.54074
3.77 0.54203
3.78 0.54322
3.79 0.54432
3.8 0.54537
3.81 0.54637
3.82 0.54737
3.83 0.54838
3.84 0.54941
3.85 0.55046
3.86 0.55154
3.87 0.55266
3.88 0.5538
3.89 0.55492
3.9 0.556
3.91 0.55695
3.92 0.55772
3.93 0.55822
3.94 0.5584
3.95 0.55819
3.96 0.55757
3.97 0.55652
3.98 0.55507
3.99 0.55327
4 0.55118
4.01 0.54891
4.02 0.54655
4.03 0.54421
4.04 0.54197
4.05 0.53993
4.06 0.53816
4.07 0.5367
4.08 0.53561
4.09 0.5349
4.1 0.53457
4.11 0.53462
4.12 0.53502
4.13 0.53572
4.14 0.53667
4.15 0.53784
4.16 0.53918
4.17 0.54067
4.18 0.54228
4.19 0.54397
4.2 0.54572
4.21 0.54751
4.22 0.54931
4.23 0.55108
4.24 0.55282
4.25 0.5545
4.26 0.55611
4.27 0.55763
4.28 0.55903
4.29 0.56031
4.3 0.56143
4.31 0.56237
4.32 0.5631
4.33 0.56362
4.34 0.56389
4.35 0.56388
4.36 0.56356
4.37 0.56288
4.38 0.56183
4.39 0.56037
4.4 0.55851
4.41 0.55628
4.42 0.55374
4.43 0.55095
4.44 0.54802
4.45 0.54504
4.46 0.54213
4.47 0.53939
4.48 0.53692
4.49 0.53481
4.5 0.53309
4.51 0.53179
4.52 0.5309
4.53 0.53039
4.54 0.53023
4.55 0.53041
4.56 0.53089
4.57 0.53164
4.58 0.53262
4.59 0.53377
4.6 0.53504
4.61 0.53637
4.62 0.53772
4.63 0.53906
4.64 0.54036
4.65 0.54162
4.66 0.54284
4.67 0.54402
4.68 0.54516
4.69 0.54628
4.7 0.54737
4.71 0.54846
4.72 0.54954
4.73 0.55064
4.74 0.55176
4.75 0.55291
4.76 0.55408
4.77 0.55523
4.78 0.55631
4.79 0.55727
4.8 0.55804
4.81 0.55855
4.82 0.55875
4.83 0.55858
4.84 0.558
4.85 0.557
4.86 0.55559
4.87 0.5538
4.88 0.55169
4.89 0.54933
4.9 0.54682
4.91 0.54426
4.92 0.54175
4.93 0.53939
4.94 0.53726
4.95 0.53543
4.96 0.53395
4.97 0.53283
4.98 0.53209
4.99 0.53175
5 0.5318
5.01 0.5322
5.02 0.53294
5.03 0.53395
5.04 0.5352
5.05 0.53664
5.06 0.53824
5.07 0.53993
5.08 0.54167
5.09 0.54342
5.1 0.54515
5.11 0.54682
5.12 0.54844
5.13 0.54998
5.14 0.55144
5.15 0.5528
5.16 0.55406
5.17 0.55521
5.18 0.55624
5.19 0.55714
5.2 0.55789
5.21 0.55849
5.22 0.55893
5.23 0.55919
5.24 0.55928
5.25 0.55918
5.26 0.55888
5.27 0.55836
5.28 0.55758
5.29 0.55653
5.3 0.55518
5.31 0.55354
5.32 0.55163
5.33 0.5495
5.34 0.5472
5.35 0.54481
5.36 0.54241
5.37 0.54009
5.38 0.53795
5.39 0.53605
5.4 0.53445
5.41 0.5332
5.42 0.53228
5.43 0.53168
5.44 0.53138
5.45 0.53135
5.46 0.53157
5.47 0.532
5.48 0.53264
5.49 0.53343
5.5 0.53434
5.51 0.53532
5.52 0.53633
5.53 0.53731
5.54 0.53825
5.55 0.53909
5.56 0.53981
5.57 0.54038
5.58 0.5408
5.59 0.54105
5.6 0.54115
5.61 0.5411
5.62 0.54094
5.63 0.54067
5.64 0.54035
5.65 0.54001
5.66 0.53967
5.67 0.53935
5.68 0.53908
5.69 0.53885
5.7 0.53866
5.71 0.53848
5.72 0.53832
5.73 0.53817
5.74 0.53803
5.75 0.5379
5.76 0.5378
5.77 0.53776
5.78 0.53777
5.79 0.53787
5.8 0.53806
5.81 0.53836
5.82 0.53877
5.83 0.53929
5.84 0.53992
5.85 0.54066
5.86 0.54148
5.87 0.54238
5.88 0.54333
5.89 0.54431
5.9 0.54529
5.91 0.54624
5.92 0.54715
5.93 0.54799
5.94 0.54876
5.95 0.54946
5.96 0.55009
5.97 0.55066
5.98 0.55116
5.99 0.55161
6 0.55202
6.01 0.5524
6.02 0.55274
6.03 0.55305
6.04 0.55334
6.05 0.5536
6.06 0.55383
6.07 0.55401
6.08 0.55414
6.09 0.55422
6.1 0.55423
6.11 0.55419
6.12 0.55408
6.13 0.55392
6.14 0.55371
6.15 0.55344
6.16 0.55314
6.17 0.55279
6.18 0.5524
6.19 0.55196
6.2 0.55148
6.21 0.55096
6.22 0.5504
6.23 0.54982
6.24 0.54923
6.25 0.54865
6.26 0.54807
6.27 0.54751
6.28 0.54696
6.29 0.54642
6.3 0.5459
6.31 0.54539
6.32 0.54489
6.33 0.5444
6.34 0.54391
6.35 0.54343
6.36 0.54296
6.37 0.54251
6.38 0.54207
6.39 0.54166
6.4 0.54127
6.41 0.5409
6.42 0.54056
6.43 0.54024
6.44 0.53996
6.45 0.53971
6.46 0.53948
6.47 0.53927
6.48 0.53908
6.49 0.5389
6.5 0.53872
6.51 0.53855
6.52 0.53836
6.53 0.53817
6.54 0.53796
6.55 0.53774
6.56 0.53751
6.57 0.53727
6.58 0.53703
6.59 0.5368
6.6 0.53657
6.61 0.53636
6.62 0.53617
6.63 0.536
6.64 0.53586
6.65 0.53574
6.66 0.53565
6.67 0.53557
6.68 0.53551
6.69 0.53546
6.7 0.53543
6.71 0.53541
6.72 0.53539
6.73 0.53537
6.74 0.53536
6.75 0.53535
6.76 0.53535
6.77 0.53534
6.78 0.53535
6.79 0.53536
6.8 0.53537
6.81 0.53539
6.82 0.53541
6.83 0.53542
6.84 0.53544
6.85 0.53546
6.86 0.53548
6.87 0.53549
6.88 0.5355
