0 1.3579
0.01 1.3572
0.02 1.3564
0.03 1.3555
0.04 1.3544
0.05 1.3533
0.06 1.3522
0.07 1.3511
0.08 1.3502
0.09 1.3496
0.1 1.3493
0.11 1.3496
0.12 1.3503
0.13 1.3515
0.14 1.353
0.15 1.3549
0.16 1.3571
0.17 1.3597
0.18 1.3628
0.19 1.3665
0.2 1.3708
0.21 1.3756
0.22 1.3811
0.23 1.3871
0.24 1.3937
0.25 1.4009
0.26 1.4085
0.27 1.4165
0.28 1.4249
0.29 1.4333
0.3 1.4419
0.31 1.4502
0.32 1.4583
0.33 1.466
0.34 1.4731
0.35 1.4796
0.36 1.4854
0.37 1.4905
0.38 1.4949
0.39 1.4986
0.4 1.5016
0.41 1.5041
0.42 1.5061
0.43 1.5077
0.44 1.5089
0.45 1.5099
0.46 1.5107
0.47 1.5112
0.48 1.5116
0.49 1.5119
0.5 1.5122
0.51 1.5125
0.52 1.513
0.53 1.5137
0.54 1.5146
0.55 1.5158
0.56 1.5172
0.57 1.5186
0.58 1.5198
0.59 1.5206
0.6 1.521
0.61 1.5208
0.62 1.5201
0.63 1.5187
0.64 1.517
0.65 1.5149
0.66 1.5126
0.67 1.5104
0.68 1.5084
0.69 1.5069
0.7 1.5058
0.71 1.5053
0.72 1.5054
0.73 1.5061
0.74 1.5074
0.75 1.5092
0.76 1.5113
0.77 1.5136
0.78 1.516
0.79 1.5182
0.8 1.5202
0.81 1.5218
0.82 1.5229
0.83 1.5233
0.84 1.5228
0.85 1.5213
0.86 1.5188
0.87 1.5153
0.88 1.5108
0.89 1.5056
0.9 1.4999
0.91 1.4938
0.92 1.4878
0.93 1.4822
0.94 1.4773
0.95 1.4733
0.96 1.4704
0.97 1.4687
0.98 1.468
0.99 1.4681
1 1.4689
1.01 1.4702
1.02 1.4716
1.03 1.473
1.04 1.4742
1.05 1.475
1.06 1.4754
1.07 1.4751
1.08 1.4744
1.09 1.4733
1.1 1.4719
1.11 1.4704
1.12 1.469
1.13 1.4678
1.14 1.4672
1.15 1.4672
1.16 1.4679
1.17 1.4696
1.18 1.4722
1.19 1.4757
1.2 1.4801
1.21 1.4854
1.22 1.4912
1.23 1.4975
1.24 1.504
1.25 1.5105
1.26 1.5166
1.27 1.5222
1.28 1.527
1.29 1.5306
1.3 1.5329
1.31 1.5338
1.32 1.5334
1.33 1.5318
1.34 1.5294
1.35 1.5263
1.36 1.5231
1.37 1.52
1.38 1.5174
1.39 1.5153
1.4 1.5138
1.41 1.513
1.42 1.5128
1.43 1.513
1.44 1.5135
1.45 1.5143
1.46 1.5152
1.47 1.5162
1.48 1.5173
1.49 1.5182
1.5 1.5189
1.51 1.5194
1.52 1.5196
1.53 1.5194
1.54 1.5189
1.55 1.518
1.56 1.517
1.57 1.5158
1.58 1.5147
1.59 1.5139
1.6 1.5134
1.61 1.5133
1.62 1.5138
1.63 1.5149
1.64 1.5167
1.65 1.5191
1.66 1.522
1.67 1.5254
1.68 1.5291
1.69 1.5329
1.7 1.5365
1.71 1.5396
1.72 1.5418
1.73 1.543
1.74 1.5428
1.75 1.5413
1.76 1.5385
1.77 1.5345
1.78 1.5295
1.79 1.5238
1.8 1.5176
1.81 1.5113
1.82 1.5052
1.83 1.4997
1.84 1.495
1.85 1.4913
1.86 1.4887
1.87 1.487
1.88 1.4862
1.89 1.4861
1.9 1.4863
1.91 1.4866
1.92 1.4867
1.93 1.4862
1.94 1.4851
1.95 1.4833
1.96 1.4807
1.97 1.4774
1.98 1.4738
1.99 1.4699
2 1.4662
2.01 1.4629
2.02 1.4602
2.03 1.4584
2.04 1.4576
2.05 1.458
2.06 1.4598
2.07 1.463
2.08 1.4675
2.09 1.4732
2.1 1.4798
2.11 1.4871
2.12 1.4947
2.13 1.5022
2.14 1.5093
2.15 1.5155
2.16 1.5207
2.17 1.5246
2.18 1.5269
2.19 1.5277
2.2 1.5272
2.21 1.5254
2.22 1.523
2.23 1.5201
2.24 1.5172
2.25 1.5145
2.26 1.5123
2.27 1.5105
2.28 1.5091
2.29 1.5081
2.3 1.5074
2.31 1.5071
2.32 1.5071
2.33 1.5072
2.34 1.5072
2.35 1.507
2.36 1.5064
2.37 1.5051
2.38 1.5033
2.39 1.5007
2.4 1.4976
2.41 1.4939
2.42 1.4898
2.43 1.4854
2.44 1.481
2.45 1.4766
2.46 1.4725
2.47 1.4688
2.48 1.4656
2.49 1.4629
2.5 1.4607
2.51 1.4588
2.52 1.4573
2.53 1.4561
2.54 1.455
2.55 1.4541
2.56 1.4531
2.57 1.4519
2.58 1.4503
2.59 1.4479
2.6 1.4446
2.61 1.4402
2.62 1.4346
2.63 1.4278
2.64 1.42
2.65 1.4113
2.66 1.402
2.67 1.3925
2.68 1.3832
2.69 1.3745
2.7 1.3667
2.71 1.3601
2.72 1.3549
2.73 1.3512
2.74 1.3489
2.75 1.3479
2.76 1.3479
2.77 1.3485
2.78 1.3494
2.79 1.3502
2.8 1.3506
2.81 1.3505
2.82 1.3499
2.83 1.3486
2.84 1.3469
2.85 1.345
2.86 1.343
2.87 1.3412
2.88 1.3399
2.89 1.3391
2.9 1.339
2.91 1.3399
2.92 1.3417
2.93 1.3445
2.94 1.3481
2.95 1.3524
2.96 1.3573
2.97 1.3624
2.98 1.3674
2.99 1.3721
3 1.3763
3.01 1.3798
3.02 1.3823
3.03 1.3837
3.04 1.3839
3.05 1.3828
3.06 1.3804
3.07 1.3767
3.08 1.3719
3.09 1.3661
3.1 1.3596
3.11 1.3527
3.12 1.3458
3.13 1.3392
3.14 1.3332
3.15 1.328
3.16 1.3239
3.17 1.321
3.18 1.3192
3.19 1.3184
3.2 1.3186
3.21 1.3194
3.22 1.3206
3.23 1.3219
3.24 1.3231
3.25 1.3241
3.26 1.3251
3.27 1.3258
3.28 1.3265
3.29 1.3271
3.3 1.3277
3.31 1.3282
3.32 1.3289
3.33 1.3296
3.34 1.3304
3.35 1.3314
3.36 1.3325
3.37 1.3338
3.38 1.3351
3.39 1.3365
3.4 1.3379
3.41 1.3394
3.42 1.3408
3.43 1.3421
3.44 1.3434
3.45 1.3444
3.46 1.3451
3.47 1.3454
3.48 1.3453
3.49 1.3445
3.5 1.3429
3.51 1.3404
3.52 1.337
3.53 1.3326
3.54 1.3273
3.55 1.321
3.56 1.3141
3.57 1.3067
3.58 1.2995
3.59 1.2925
3.6 1.2864
3.61 1.2812
3.62 1.2774
3.63 1.2749
3.64 1.2739
3.65 1.2744
3.66 1.2762
3.67 1.2793
3.68 1.2833
3.69 1.2878
3.7 1.2925
3.71 1.297
3.72 1.301
3.73 1.3043
3.74 1.3068
3.75 1.3087
3.76 1.3101
3.77 1.311
3.78 1.3118
3.79 1.3126
3.8 1.3135
3.81 1.3148
3.82 1.3167
3.83 1.3193
3.84 1.3226
3.85 1.3268
3.86 1.3319
3.87 1.3379
3.88 1.3447
3.89 1.3523
3.9 1.3605
3.91 1.3691
3.92 1.3777
3.93 1.3862
3.94 1.3941
3.95 1.4011
3.96 1.4069
3.97 1.4112
3.98 1.414
3.99 1.4152
4 1.415
4.01 1.4137
4.02 1.4115
4.03 1.4088
4.04 1.406
4.05 1.4034
4.06 1.4012
4.07 1.3996
4.08 1.3987
4.09 1.3984
4.1 1.3989
4.11 1.3999
4.12 1.4014
4.13 1.403
4.14 1.4044
4.15 1.4055
4.16 1.406
4.17 1.4059
4.18 1.4054
4.19 1.4044
4.2 1.4032
4.21 1.402
4.22 1.4008
4.23 1.3997
4.24 1.399
4.25 1.3987
4.26 1.3987
4.27 1.3991
4.28 1.3998
4.29 1.4008
4.3 1.4019
4.31 1.4031
4.32 1.4043
4.33 1.4053
4.34 1.4061
4.35 1.4064
4.36 1.4061
4.37 1.405
4.38 1.4027
4.39 1.3991
4.4 1.3942
4.41 1.388
4.42 1.3807
4.43 1.3725
4.44 1.3638
4.45 1.3548
4.46 1.3461
4.47 1.338
4.48 1.3308
4.49 1.3251
4.5 1.3208
4.51 1.3181
4.52 1.3168
4.53 1.3168
4.54 1.318
4.55 1.32
4.56 1.3227
4.57 1.3259
4.58 1.3293
4.59 1.3327
4.6 1.3358
4.61 1.3384
4.62 1.3406
4.63 1.3423
4.64 1.3436
4.65 1.3446
4.66 1.3456
4.67 1.3466
4.68 1.3478
4.69 1.3493
4.7 1.3513
4.71 1.3538
4.72 1.357
4.73 1.361
4.74 1.3658
4.75 1.3714
4.76 1.3779
4.77 1.385
4.78 1.3927
4.79 1.4007
4.8 1.4087
4.81 1.4165
4.82 1.4237
4.83 1.43
4.84 1.4353
4.85 1.4392
4.86 1.4417
4.87 1.4427
4.88 1.4423
4.89 1.4407
4.9 1.4383
4.91 1.4353
4.92 1.4322
4.93 1.4293
4.94 1.4268
4.95 1.4249
4.96 1.4236
4.97 1.423
4.98 1.4231
4.99 1.4238
5 1.425
5.01 1.4267
5.02 1.4284
5.03 1.4301
5.04 1.4315
5.05 1.4324
5.06 1.4328
5.07 1.4326
5.08 1.4318
5.09 1.4305
5.1 1.4288
5.11 1.4268
5.12 1.4247
5.13 1.4227
5.14 1.4207
5.15 1.419
5.16 1.4174
5.17 1.4162
5.18 1.4153
5.19 1.4146
5.2 1.4142
5.21 1.4139
5.22 1.4139
5.23 1.414
5.24 1.4141
5.25 1.4142
5.26 1.4142
5.27 1.4138
5.28 1.4128
5.29 1.4111
5.3 1.4083
5.31 1.4045
5.32 1.3998
5.33 1.3941
5.34 1.3877
5.35 1.3809
5.36 1.374
5.37 1.3673
5.38 1.3612
5.39 1.3559
5.4 1.3517
5.41 1.3488
5.42 1.3471
5.43 1.3466
5.44 1.347
5.45 1.3483
5.46 1.3501
5.47 1.3523
5.48 1.3546
5.49 1.3569
5.5 1.3591
5.51 1.3609
5.52 1.3624
5.53 1.3635
5.54 1.3644
5.55 1.3649
5.56 1.3653
5.57 1.3653
5.58 1.3651
5.59 1.3647
5.6 1.3641
5.61 1.3633
5.62 1.3625
5.63 1.3616
5.64 1.3607
5.65 1.3598
5.66 1.359
5.67 1.3584
5.68 1.3579
5.69 1.3577
5.7 1.3576
5.71 1.3577
5.72 1.3579
5.73 1.3583
5.74 1.359
5.75 1.3599
5.76 1.3613
5.77 1.3631
5.78 1.3654
5.79 1.3682
5.8 1.3715
5.81 1.3753
5.82 1.3796
5.83 1.3843
5.84 1.3895
5.85 1.395
5.86 1.4009
5.87 1.4071
5.88 1.4136
5.89 1.4202
5.9 1.4268
5.91 1.4334
5.92 1.4397
5.93 1.4457
5.94 1.4515
5.95 1.4569
5.96 1.462
5.97 1.4668
5.98 1.4713
5.99 1.4755
6 1.4794
6.01 1.4831
6.02 1.4865
6.03 1.4896
6.04 1.4924
6.05 1.4948
6.06 1.4969
6.07 1.4985
6.08 1.4997
6.09 1.5004
6.1 1.5006
6.11 1.5003
6.12 1.4995
6.13 1.4983
6.14 1.4966
6.15 1.4945
6.16 1.492
6.17 1.4893
6.18 1.4863
6.19 1.483
6.2 1.4794
6.21 1.4756
6.22 1.4716
6.23 1.4675
6.24 1.4632
6.25 1.459
6.26 1.4548
6.27 1.4506
6.28 1.4464
6.29 1.4424
6.3 1.4384
6.31 1.4344
6.32 1.4306
6.33 1.4267
6.34 1.4229
6.35 1.4191
6.36 1.4154
6.37 1.4117
6.38 1.408
6.39 1.4044
6.4 1.401
6.41 1.3977
6.42 1.3945
6.43 1.3915
6.44 1.3887
6.45 1.3862
6.46 1.384
6.47 1.382
6.48 1.3802
6.49 1.3787
6.5 1.3772
6.51 1.3759
6.52 1.3745
6.53 1.3732
6.54 1.3719
6.55 1.3706
6.56 1.3693
6.57 1.3681
6.58 1.3669
6.59 1.3659
6.6 1.3649
6.61 1.364
6.62 1.3633
6.63 1.3627
6.64 1.3622
6.65 1.3618
6.66 1.3615
6.67 1.3613
6.68 1.3611
6.69 1.361
6.7 1.3609
6.71 1.3608
6.72 1.3607
6.73 1.3606
6.74 1.3606
6.75 1.3606
6.76 1.3606
6.77 1.3607
6.78 1.3609
6.79 1.361
6.8 1.3612
6.81 1.3614
6.82 1.3616
6.83 1.3618
6.84 1.362
6.85 1.3622
6.86 1.3625
6.87 1.3627
6.88 1.3629
