0 0.49723
0.01 0.49511
0.02 0.49294
0.03 0.49074
0.04 0.4886
0.05 0.48672
0.06 0.48528
0.07 0.48453
0.08 0.4847
0.09 0.48606
0.1 0.48879
0.11 0.49306
0.12 0.49889
0.13 0.5062
0.14 0.51486
0.15 0.52471
0.16 0.53563
0.17 0.54761
0.18 0.56079
0.19 0.57542
0.2 0.59187
0.21 0.61057
0.22 0.63192
0.23 0.65629
0.24 0.68392
0.25 0.71483
0.26 0.7488
0.27 0.78535
0.28 0.82384
0.29 0.86356
0.3 0.90379
0.31 0.94391
0.32 0.9834
0.33 1.0219
0.34 1.0592
0.35 1.0953
0.36 1.1302
0.37 1.1644
0.38 1.1978
0.39 1.2309
0.4 1.2638
0.41 1.2968
0.42 1.3301
0.43 1.3639
0.44 1.3984
0.45 1.4334
0.46 1.4688
0.47 1.5042
0.48 1.5391
0.49 1.5728
0.5 1.6042
0.51 1.6325
0.52 1.6566
0.53 1.6755
0.54 1.6884
0.55 1.6946
0.56 1.6937
0.57 1.6853
0.58 1.6694
0.59 1.6465
0.6 1.617
0.61 1.5817
0.62 1.5415
0.63 1.4974
0.64 1.4503
0.65 1.4014
0.66 1.3515
0.67 1.3017
0.68 1.2527
0.69 1.2051
0.7 1.1593
0.71 1.1156
0.72 1.0741
0.73 1.0349
0.74 0.99816
0.75 0.96375
0.76 0.93171
0.77 0.90204
0.78 0.87479
0.79 0.85001
0.8 0.82771
0.81 0.80786
0.82 0.7903
0.83 0.77476
0.84 0.76082
0.85 0.74786
0.86 0.73514
0.87 0.7219
0.88 0.70757
0.89 0.69193
0.9 0.67514
0.91 0.6577
0.92 0.64038
0.93 0.62416
0.94 0.61012
0.95 0.59934
0.96 0.59262
0.97 0.59036
0.98 0.5924
0.99 0.59811
1 0.60654
1.01 0.61656
1.02 0.62704
1.03 0.63702
1.04 0.64579
1.05 0.65295
1.06 0.65837
1.07 0.66222
1.08 0.66489
1.09 0.66693
1.1 0.66901
1.11 0.67181
1.12 0.67605
1.13 0.68243
1.14 0.6916
1.15 0.70409
1.16 0.72026
1.17 0.74026
1.18 0.76406
1.19 0.79143
1.2 0.82205
1.21 0.85549
1.22 0.89132
1.23 0.9291
1.24 0.96836
1.25 1.0086
1.26 1.0496
1.27 1.0908
1.28 1.1321
1.29 1.1734
1.3 1.2146
1.31 1.256
1.32 1.2977
1.33 1.3401
1.34 1.3834
1.35 1.4278
1.36 1.4733
1.37 1.5195
1.38 1.566
1.39 1.6119
1.4 1.6564
1.41 1.6979
1.42 1.7352
1.43 1.7666
1.44 1.7909
1.45 1.8067
1.46 1.8134
1.47 1.8104
1.48 1.7976
1.49 1.7753
1.5 1.7441
1.51 1.7053
1.52 1.66
1.53 1.6098
1.54 1.556
1.55 1.5
1.56 1.4429
1.57 1.3856
1.58 1.3288
1.59 1.2729
1.6 1.2182
1.61 1.165
1.62 1.1137
1.63 1.0645
1.64 1.018
1.65 0.97485
1.66 0.93545
1.67 0.90034
1.68 0.86993
1.69 0.84448
1.7 0.824
1.71 0.80818
1.72 0.79626
1.73 0.78708
1.74 0.77919
1.75 0.77123
1.76 0.7621
1.77 0.75113
1.78 0.7381
1.79 0.72322
1.8 0.70707
1.81 0.69066
1.82 0.67522
1.83 0.66205
1.84 0.65229
1.85 0.6467
1.86 0.64557
1.87 0.64874
1.88 0.65562
1.89 0.66528
1.9 0.67651
1.91 0.68797
1.92 0.6984
1.93 0.70679
1.94 0.71255
1.95 0.71549
1.96 0.71588
1.97 0.71432
1.98 0.71171
1.99 0.7091
2 0.70769
2.01 0.70871
2.02 0.71335
2.03 0.72256
2.04 0.73704
2.05 0.7571
2.06 0.7827
2.07 0.81344
2.08 0.84864
2.09 0.88749
2.1 0.92911
2.11 0.97269
2.12 1.0175
2.13 1.063
2.14 1.1088
2.15 1.1548
2.16 1.2007
2.17 1.2467
2.18 1.2928
2.19 1.3392
2.2 1.3859
2.21 1.433
2.22 1.4805
2.23 1.5281
2.24 1.5754
2.25 1.6217
2.26 1.6658
2.27 1.7065
2.28 1.7422
2.29 1.7712
2.3 1.7922
2.31 1.804
2.32 1.8059
2.33 1.7977
2.34 1.7795
2.35 1.752
2.36 1.7162
2.37 1.6733
2.38 1.625
2.39 1.5726
2.4 1.5176
2.41 1.4612
2.42 1.4041
2.43 1.3471
2.44 1.2905
2.45 1.2349
2.46 1.1805
2.47 1.1275
2.48 1.076
2.49 1.0261
2.5 0.97823
2.51 0.93272
2.52 0.89015
2.53 0.85113
2.54 0.81621
2.55 0.78584
2.56 0.76027
2.57 0.73949
2.58 0.7231
2.59 0.71034
2.6 0.70013
2.61 0.69115
2.62 0.68207
2.63 0.6717
2.64 0.65918
2.65 0.64413
2.66 0.62677
2.67 0.60794
2.68 0.589
2.69 0.57156
2.7 0.55729
2.71 0.5476
2.72 0.54345
2.73 0.54515
2.74 0.55233
2.75 0.56405
2.76 0.579
2.77 0.59562
2.78 0.6124
2.79 0.62801
2.8 0.64147
2.81 0.65226
2.82 0.66028
2.83 0.66582
2.84 0.66949
2.85 0.67208
2.86 0.67455
2.87 0.67792
2.88 0.68325
2.89 0.69148
2.9 0.70345
2.91 0.71974
2.92 0.74061
2.93 0.76597
2.94 0.79541
2.95 0.82827
2.96 0.86375
2.97 0.90099
2.98 0.93917
2.99 0.97762
3 1.0158
3.01 1.0535
3.02 1.0905
3.03 1.1267
3.04 1.1624
3.05 1.1977
3.06 1.233
3.07 1.2685
3.08 1.3046
3.09 1.3417
3.1 1.3799
3.11 1.4193
3.12 1.4599
3.13 1.5012
3.14 1.5429
3.15 1.5839
3.16 1.6232
3.17 1.6593
3.18 1.6907
3.19 1.716
3.2 1.7339
3.21 1.7434
3.22 1.7441
3.23 1.7359
3.24 1.7191
3.25 1.6943
3.26 1.6624
3.27 1.6244
3.28 1.5815
3.29 1.535
3.3 1.4859
3.31 1.4353
3.32 1.3839
3.33 1.3325
3.34 1.2816
3.35 1.2315
3.36 1.1826
3.37 1.1348
3.38 1.0884
3.39 1.0432
3.4 0.99966
3.41 0.95792
3.42 0.9184
3.43 0.88151
3.44 0.84767
3.45 0.81729
3.46 0.79074
3.47 0.76829
3.48 0.75001
3.49 0.73573
3.5 0.72492
3.51 0.71673
3.52 0.70999
3.53 0.70332
3.54 0.69543
3.55 0.68531
3.56 0.67247
3.57 0.65699
3.58 0.63959
3.59 0.62148
3.6 0.60416
3.61 0.58913
3.62 0.57763
3.63 0.57058
3.64 0.56853
3.65 0.57149
3.66 0.57889
3.67 0.58959
3.68 0.6021
3.69 0.61483
3.7 0.6264
3.71 0.63579
3.72 0.64251
3.73 0.64659
3.74 0.64854
3.75 0.64914
3.76 0.64933
3.77 0.64999
3.78 0.65199
3.79 0.65611
3.8 0.66312
3.81 0.67365
3.82 0.68812
3.83 0.70668
3.84 0.72927
3.85 0.75571
3.86 0.78586
3.87 0.81953
3.88 0.85651
3.89 0.89653
3.9 0.93922
3.91 0.9842
3.92 1.031
3.93 1.0791
3.94 1.1279
3.95 1.177
3.96 1.2261
3.97 1.2749
3.98 1.3236
3.99 1.3722
4 1.4212
4.01 1.4705
4.02 1.5202
4.03 1.5699
4.04 1.619
4.05 1.6664
4.06 1.7107
4.07 1.7504
4.08 1.7839
4.09 1.8095
4.1 1.8261
4.11 1.8329
4.12 1.8296
4.13 1.8162
4.14 1.7932
4.15 1.7612
4.16 1.7214
4.17 1.6753
4.18 1.6242
4.19 1.5697
4.2 1.5132
4.21 1.4558
4.22 1.3984
4.23 1.3415
4.24 1.2857
4.25 1.2311
4.26 1.1778
4.27 1.1261
4.28 1.076
4.29 1.0278
4.3 0.98198
4.31 0.93917
4.32 0.90008
4.33 0.8654
4.34 0.83567
4.35 0.81123
4.36 0.79207
4.37 0.77773
4.38 0.7673
4.39 0.75945
4.4 0.75258
4.41 0.74515
4.42 0.73588
4.43 0.72399
4.44 0.70924
4.45 0.69195
4.46 0.67299
4.47 0.65362
4.48 0.63531
4.49 0.61953
4.5 0.60753
4.51 0.60012
4.52 0.59764
4.53 0.59996
4.54 0.60653
4.55 0.61645
4.56 0.62856
4.57 0.64161
4.58 0.65432
4.59 0.66559
4.6 0.67461
4.61 0.681
4.62 0.6848
4.63 0.68645
4.64 0.68666
4.65 0.68626
4.66 0.68613
4.67 0.68714
4.68 0.69011
4.69 0.69578
4.7 0.70481
4.71 0.71769
4.72 0.73475
4.73 0.75609
4.74 0.78156
4.75 0.81085
4.76 0.84347
4.77 0.87887
4.78 0.91644
4.79 0.95553
4.8 0.99554
4.81 1.0359
4.82 1.0763
4.83 1.1163
4.84 1.1559
4.85 1.195
4.86 1.2337
4.87 1.2724
4.88 1.3113
4.89 1.3508
4.9 1.3911
4.91 1.4324
4.92 1.4746
4.93 1.5176
4.94 1.5609
4.95 1.6036
4.96 1.6445
4.97 1.6821
4.98 1.7145
4.99 1.7401
5 1.7573
5.01 1.765
5.02 1.7627
5.03 1.7503
5.04 1.7285
5.05 1.6982
5.06 1.6607
5.07 1.6173
5.08 1.5695
5.09 1.5185
5.1 1.4653
5.11 1.4109
5.12 1.3559
5.13 1.301
5.14 1.2465
5.15 1.1929
5.16 1.1404
5.17 1.0894
5.18 1.0401
5.19 0.99287
5.2 0.94823
5.21 0.90673
5.22 0.869
5.23 0.83562
5.24 0.80704
5.25 0.78355
5.26 0.76513
5.27 0.75146
5.28 0.74172
5.29 0.73468
5.3 0.72876
5.31 0.72237
5.32 0.71421
5.33 0.70349
5.34 0.69004
5.35 0.67429
5.36 0.65719
5.37 0.64008
5.38 0.62454
5.39 0.61203
5.4 0.6037
5.41 0.60011
5.42 0.6012
5.43 0.60637
5.44 0.61461
5.45 0.62472
5.46 0.63547
5.47 0.64575
5.48 0.65464
5.49 0.6615
5.5 0.66598
5.51 0.66806
5.52 0.66795
5.53 0.66602
5.54 0.66266
5.55 0.6582
5.56 0.65292
5.57 0.64709
5.58 0.64099
5.59 0.63483
5.6 0.62883
5.61 0.62315
5.62 0.6179
5.63 0.61318
5.64 0.60909
5.65 0.60568
5.66 0.603
5.67 0.60106
5.68 0.59989
5.69 0.59948
5.7 0.59979
5.71 0.60074
5.72 0.6022
5.73 0.60402
5.74 0.60609
5.75 0.60831
5.76 0.61065
5.77 0.61307
5.78 0.61561
5.79 0.61836
5.8 0.62142
5.81 0.62494
5.82 0.62903
5.83 0.63377
5.84 0.63919
5.85 0.64527
5.86 0.65193
5.87 0.65903
5.88 0.66634
5.89 0.6736
5.9 0.68052
5.91 0.68685
5.92 0.6924
5.93 0.69703
5.94 0.70069
5.95 0.70336
5.96 0.70504
5.97 0.70576
5.98 0.70559
5.99 0.70465
6 0.70309
6.01 0.70107
6.02 0.69878
6.03 0.69638
6.04 0.69404
6.05 0.69186
6.06 0.68992
6.07 0.68824
6.08 0.68681
6.09 0.68558
6.1 0.68447
6.11 0.68335
6.12 0.68212
6.13 0.68066
6.14 0.6789
6.15 0.67679
6.16 0.67435
6.17 0.67159
6.18 0.66853
6.19 0.66516
6.2 0.66148
6.21 0.65752
6.22 0.65332
6.23 0.64897
6.24 0.64456
6.25 0.6402
6.26 0.63595
6.27 0.63186
6.28 0.62794
6.29 0.62417
6.3 0.62053
6.31 0.61696
6.32 0.61344
6.33 0.60995
6.34 0.6065
6.35 0.60312
6.36 0.59987
6.37 0.5968
6.38 0.59395
6.39 0.59132
6.4 0.58892
6.41 0.58674
6.42 0.58478
6.43 0.58304
6.44 0.58154
6.45 0.58027
6.46 0.57922
6.47 0.57833
6.48 0.57755
6.49 0.57682
6.5 0.57607
6.51 0.57525
6.52 0.57433
6.53 0.5733
6.54 0.57218
6.55 0.57098
6.56 0.56972
6.57 0.56843
6.58 0.56713
6.59 0.56586
6.6 0.56464
6.61 0.56353
6.62 0.56257
6.63 0.56178
6.64 0.56121
6.65 0.56084
6.66 0.56067
6.67 0.56066
6.68 0.56078
6.69 0.561
6.7 0.56131
6.71 0.56169
6.72 0.56213
6.73 0.56265
6.74 0.56322
6.75 0.56383
6.76 0.56447
6.77 0.5651
6.78 0.56567
6.79 0.56614
6.8 0.56648
6.81 0.56666
6.82 0.56668
6.83 0.56656
6.84 0.56634
6.85 0.56607
6.86 0.56578
6.87 0.5655
6.88 0.56523
