0 0.090185
0.01 0.091242
0.02 0.092298
0.03 0.093332
0.04 0.094321
0.05 0.09525
0.06 0.096112
0.07 0.096907
0.08 0.097657
0.09 0.098397
0.1 0.099169
0.11 0.10001
0.12 0.10098
0.13 0.10213
0.14 0.10354
0.15 0.10529
0.16 0.10737
0.17 0.10976
0.18 0.11234
0.19 0.11503
0.2 0.11775
0.21 0.12046
0.22 0.12313
0.23 0.12573
0.24 0.12822
0.25 0.1306
0.26 0.13288
0.27 0.13506
0.28 0.13713
0.29 0.13909
0.3 0.14094
0.31 0.14271
0.32 0.14443
0.33 0.14613
0.34 0.14787
0.35 0.14968
0.36 0.15158
0.37 0.1536
0.38 0.15573
0.39 0.15796
0.4 0.16028
0.41 0.16265
0.42 0.16502
0.43 0.16736
0.44 0.16962
0.45 0.17178
0.46 0.17384
0.47 0.17582
0.48 0.17775
0.49 0.17966
0.5 0.18158
0.51 0.18353
0.52 0.18552
0.53 0.18752
0.54 0.18954
0.55 0.19155
0.56 0.19351
0.57 0.1954
0.58 0.19718
0.59 0.19882
0.6 0.20027
0.61 0.2015
0.62 0.20243
0.63 0.20301
0.64 0.2032
0.65 0.20293
0.66 0.20217
0.67 0.20093
0.68 0.1992
0.69 0.197
0.7 0.19436
0.71 0.19129
0.72 0.18781
0.73 0.18393
0.74 0.17968
0.75 0.17508
0.76 0.1702
0.77 0.16509
0.78 0.15982
0.79 0.15443
0.8 0.14897
0.81 0.14349
0.82 0.13808
0.83 0.13283
0.84 0.12786
0.85 0.12325
0.86 0.11908
0.87 0.11536
0.88 0.11208
0.89 0.10921
0.9 0.1067
0.91 0.10453
0.92 0.10263
0.93 0.10093
0.94 0.099346
0.95 0.097778
0.96 0.096142
0.97 0.094384
0.98 0.092499
0.99 0.090542
1 0.088613
1.01 0.086841
1.02 0.085355
1.03 0.084261
1.04 0.083633
1.05 0.083506
1.06 0.083889
1.07 0.084774
1.08 0.086138
1.09 0.08795
1.1 0.090162
1.11 0.092721
1.12 0.095559
1.13 0.098599
1.14 0.10176
1.15 0.10496
1.16 0.10813
1.17 0.11121
1.18 0.11415
1.19 0.11692
1.2 0.1195
1.21 0.12185
1.22 0.12395
1.23 0.12576
1.24 0.12724
1.25 0.12839
1.26 0.12926
1.27 0.12989
1.28 0.13042
1.29 0.13098
1.3 0.13171
1.31 0.13272
1.32 0.13407
1.33 0.13579
1.34 0.13783
1.35 0.14012
1.36 0.14255
1.37 0.14496
1.38 0.1472
1.39 0.14911
1.4 0.15057
1.41 0.15154
1.42 0.15204
1.43 0.15218
1.44 0.15213
1.45 0.15207
1.46 0.15218
1.47 0.15259
1.48 0.15338
1.49 0.15457
1.5 0.15609
1.51 0.15786
1.52 0.15972
1.53 0.16154
1.54 0.16317
1.55 0.16449
1.56 0.16541
1.57 0.16587
1.58 0.16582
1.59 0.16526
1.6 0.16421
1.61 0.16272
1.62 0.16085
1.63 0.15868
1.64 0.15627
1.65 0.15366
1.66 0.15087
1.67 0.14788
1.68 0.14471
1.69 0.14138
1.7 0.13795
1.71 0.1345
1.72 0.13116
1.73 0.12799
1.74 0.12505
1.75 0.12236
1.76 0.11986
1.77 0.1175
1.78 0.1152
1.79 0.11292
1.8 0.11062
1.81 0.10831
1.82 0.10599
1.83 0.10368
1.84 0.10142
1.85 0.099204
1.86 0.097079
1.87 0.095112
1.88 0.093416
1.89 0.092141
1.9 0.091449
1.91 0.091472
1.92 0.092285
1.93 0.093887
1.94 0.096215
1.95 0.099161
1.96 0.10261
1.97 0.10643
1.98 0.11051
1.99 0.11471
2 0.11889
2.01 0.12291
2.02 0.12665
2.03 0.13001
2.04 0.13296
2.05 0.13549
2.06 0.13765
2.07 0.13947
2.08 0.141
2.09 0.14224
2.1 0.14319
2.11 0.14385
2.12 0.14424
2.13 0.14442
2.14 0.1445
2.15 0.1446
2.16 0.14486
2.17 0.14538
2.18 0.14622
2.19 0.14739
2.2 0.14884
2.21 0.15051
2.22 0.15231
2.23 0.15418
2.24 0.156
2.25 0.15768
2.26 0.15914
2.27 0.16032
2.28 0.16121
2.29 0.16184
2.3 0.16232
2.31 0.16275
2.32 0.16325
2.33 0.16394
2.34 0.16486
2.35 0.16603
2.36 0.16745
2.37 0.16904
2.38 0.17074
2.39 0.17241
2.4 0.17392
2.41 0.17517
2.42 0.17604
2.43 0.17651
2.44 0.17654
2.45 0.17619
2.46 0.17552
2.47 0.17463
2.48 0.17363
2.49 0.17259
2.5 0.17152
2.51 0.17042
2.52 0.16922
2.53 0.16786
2.54 0.16627
2.55 0.16444
2.56 0.16239
2.57 0.16018
2.58 0.15791
2.59 0.15567
2.6 0.15352
2.61 0.15145
2.62 0.14943
2.63 0.14742
2.64 0.14533
2.65 0.14312
2.66 0.14074
2.67 0.13816
2.68 0.13541
2.69 0.13252
2.7 0.12956
2.71 0.12658
2.72 0.12366
2.73 0.12087
2.74 0.1183
2.75 0.11611
2.76 0.11443
2.77 0.11343
2.78 0.11324
2.79 0.11396
2.8 0.11559
2.81 0.11812
2.82 0.12144
2.83 0.12544
2.84 0.12996
2.85 0.13483
2.86 0.13987
2.87 0.14489
2.88 0.14971
2.89 0.15419
2.9 0.15824
2.91 0.16184
2.92 0.16504
2.93 0.16789
2.94 0.17048
2.95 0.17282
2.96 0.17494
2.97 0.17682
2.98 0.17845
2.99 0.17985
3 0.18103
3.01 0.182
3.02 0.18276
3.03 0.18334
3.04 0.18374
3.05 0.18402
3.06 0.18427
3.07 0.18458
3.08 0.18506
3.09 0.18581
3.1 0.18685
3.11 0.18813
3.12 0.18956
3.13 0.19098
3.14 0.19226
3.15 0.19324
3.16 0.19384
3.17 0.194
3.18 0.19376
3.19 0.19324
3.2 0.19265
3.21 0.19221
3.22 0.19215
3.23 0.19259
3.24 0.19358
3.25 0.19507
3.26 0.19694
3.27 0.19905
3.28 0.20123
3.29 0.20329
3.3 0.20507
3.31 0.20641
3.32 0.20721
3.33 0.2074
3.34 0.20695
3.35 0.20584
3.36 0.2041
3.37 0.20172
3.38 0.19873
3.39 0.19515
3.4 0.191
3.41 0.18633
3.42 0.18119
3.43 0.17566
3.44 0.16984
3.45 0.16382
3.46 0.15765
3.47 0.15139
3.48 0.1451
3.49 0.13882
3.5 0.1326
3.51 0.12652
3.52 0.12066
3.53 0.1151
3.54 0.10988
3.55 0.1051
3.56 0.1008
3.57 0.097055
3.58 0.093885
3.59 0.091279
3.6 0.089178
3.61 0.087501
3.62 0.086167
3.63 0.085115
3.64 0.084306
3.65 0.083728
3.66 0.083399
3.67 0.083376
3.68 0.083744
3.69 0.084609
3.7 0.086079
3.71 0.088232
3.72 0.091095
3.73 0.09463
3.74 0.098741
3.75 0.10329
3.76 0.10813
3.77 0.11311
3.78 0.11811
3.79 0.12304
3.8 0.12784
3.81 0.13247
3.82 0.13692
3.83 0.14117
3.84 0.1452
3.85 0.14896
3.86 0.15237
3.87 0.15535
3.88 0.15782
3.89 0.15972
3.9 0.16103
3.91 0.16176
3.92 0.16195
3.93 0.16168
3.94 0.16104
3.95 0.16015
3.96 0.15916
3.97 0.15821
3.98 0.15744
3.99 0.15696
4 0.15686
4.01 0.15721
4.02 0.158
4.03 0.15919
4.04 0.16066
4.05 0.16228
4.06 0.16388
4.07 0.1653
4.08 0.16639
4.09 0.16708
4.1 0.16735
4.11 0.1673
4.12 0.16709
4.13 0.16692
4.14 0.16699
4.15 0.16742
4.16 0.16822
4.17 0.16932
4.18 0.17059
4.19 0.17187
4.2 0.173
4.21 0.1738
4.22 0.17415
4.23 0.17399
4.24 0.17328
4.25 0.17206
4.26 0.1704
4.27 0.16832
4.28 0.16586
4.29 0.16301
4.3 0.15979
4.31 0.15622
4.32 0.15236
4.33 0.14828
4.34 0.14407
4.35 0.1398
4.36 0.13553
4.37 0.13131
4.38 0.12719
4.39 0.1232
4.4 0.11936
4.41 0.11566
4.42 0.11205
4.43 0.10849
4.44 0.10491
4.45 0.10125
4.46 0.09749
4.47 0.093636
4.48 0.08971
4.49 0.085746
4.5 0.081781
4.51 0.077864
4.52 0.074058
4.53 0.070455
4.54 0.067184
4.55 0.06441
4.56 0.062307
4.57 0.061032
4.58 0.060701
4.59 0.061374
4.6 0.063054
4.61 0.065693
4.62 0.069192
4.63 0.073414
4.64 0.078183
4.65 0.083305
4.66 0.08858
4.67 0.093828
4.68 0.098909
4.69 0.10374
4.7 0.10828
4.71 0.11253
4.72 0.1165
4.73 0.12021
4.74 0.12366
4.75 0.12681
4.76 0.12962
4.77 0.13203
4.78 0.134
4.79 0.13549
4.8 0.13649
4.81 0.13706
4.82 0.1373
4.83 0.13736
4.84 0.13742
4.85 0.13765
4.86 0.13822
4.87 0.13923
4.88 0.14072
4.89 0.14269
4.9 0.14506
4.91 0.14772
4.92 0.15052
4.93 0.15331
4.94 0.1559
4.95 0.15814
4.96 0.15992
4.97 0.16119
4.98 0.16196
4.99 0.16233
5 0.16242
5.01 0.16243
5.02 0.16252
5.03 0.16283
5.04 0.16344
5.05 0.16436
5.06 0.16551
5.07 0.16679
5.08 0.16803
5.09 0.16905
5.1 0.16972
5.11 0.16993
5.12 0.16964
5.13 0.16884
5.14 0.16755
5.15 0.16579
5.16 0.16356
5.17 0.1609
5.18 0.15782
5.19 0.15435
5.2 0.15054
5.21 0.14644
5.22 0.14206
5.23 0.13744
5.24 0.13258
5.25 0.12754
5.26 0.12236
5.27 0.11716
5.28 0.11202
5.29 0.10705
5.3 0.1023
5.31 0.097772
5.32 0.09345
5.33 0.089296
5.34 0.08529
5.35 0.081447
5.36 0.077811
5.37 0.074442
5.38 0.071396
5.39 0.068714
5.4 0.066413
5.41 0.06449
5.42 0.062932
5.43 0.061735
5.44 0.060921
5.45 0.060547
5.46 0.060702
5.47 0.061478
5.48 0.062945
5.49 0.065131
5.5 0.068015
5.51 0.071531
5.52 0.07557
5.53 0.079986
5.54 0.084603
5.55 0.089231
5.56 0.093683
5.57 0.097802
5.58 0.10148
5.59 0.10467
5.6 0.10737
5.61 0.10964
5.62 0.11153
5.63 0.11314
5.64 0.11456
5.65 0.11588
5.66 0.11718
5.67 0.11852
5.68 0.11991
5.69 0.12135
5.7 0.12284
5.71 0.12435
5.72 0.12584
5.73 0.12729
5.74 0.12866
5.75 0.12993
5.76 0.13105
5.77 0.13201
5.78 0.13281
5.79 0.13345
5.8 0.13396
5.81 0.13439
5.82 0.13478
5.83 0.13516
5.84 0.13558
5.85 0.13604
5.86 0.13655
5.87 0.13713
5.88 0.13776
5.89 0.13844
5.9 0.13917
5.91 0.13992
5.92 0.1407
5.93 0.14147
5.94 0.1422
5.95 0.14288
5.96 0.14348
5.97 0.14401
5.98 0.14446
5.99 0.14482
6 0.14511
6.01 0.14532
6.02 0.14547
6.03 0.14554
6.04 0.14554
6.05 0.14547
6.06 0.14533
6.07 0.14513
6.08 0.14488
6.09 0.14459
6.1 0.14429
6.11 0.14401
6.12 0.14378
6.13 0.14362
6.14 0.14353
6.15 0.14351
6.16 0.14353
6.17 0.14358
6.18 0.14363
6.19 0.14367
6.2 0.14372
6.21 0.14376
6.22 0.14381
6.23 0.14385
6.24 0.1439
6.25 0.14395
6.26 0.14401
6.27 0.14407
6.28 0.14413
6.29 0.1442
6.3 0.14426
6.31 0.14432
6.32 0.14438
6.33 0.14446
6.34 0.14459
6.35 0.1448
6.36 0.14511
6.37 0.14553
6.38 0.14608
6.39 0.14673
6.4 0.14747
6.41 0.14828
6.42 0.14913
6.43 0.14998
6.44 0.15083
6.45 0.15162
6.46 0.15232
6.47 0.15294
6.48 0.15345
6.49 0.15389
6.5 0.15425
6.51 0.15455
6.52 0.15482
6.53 0.15504
6.54 0.15524
6.55 0.1554
6.56 0.15551
6.57 0.15556
6.58 0.15553
6.59 0.15545
6.6 0.15529
6.61 0.15508
6.62 0.15482
6.63 0.15449
6.64 0.15409
6.65 0.15364
6.66 0.15313
6.67 0.15257
6.68 0.15196
6.69 0.15133
6.7 0.15069
6.71 0.15003
6.72 0.14937
6.73 0.14871
6.74 0.14804
6.75 0.14739
6.76 0.14677
6.77 0.14619
6.78 0.14567
6.79 0.14521
6.8 0.14481
6.81 0.14447
6.82 0.14419
6.83 0.14394
6.84 0.14374
6.85 0.14356
6.86 0.14341
6.87 0.14327
6.88 0.14314
