0 0.82622
0.01 0.81399
0.02 0.80162
0.03 0.78926
0.04 0.77712
0.05 0.76537
0.06 0.7541
0.07 0.74334
0.08 0.73307
0.09 0.72323
0.1 0.71383
0.11 0.70489
0.12 0.69652
0.13 0.6889
0.14 0.6823
0.15 0.67702
0.16 0.67331
0.17 0.67128
0.18 0.67086
0.19 0.67186
0.2 0.67404
0.21 0.67718
0.22 0.68109
0.23 0.68561
0.24 0.69059
0.25 0.6959
0.26 0.70138
0.27 0.70689
0.28 0.71226
0.29 0.71733
0.3 0.7219
0.31 0.72579
0.32 0.72883
0.33 0.7309
0.34 0.73193
0.35 0.73189
0.36 0.73081
0.37 0.72874
0.38 0.72576
0.39 0.72196
0.4 0.7175
0.41 0.71257
0.42 0.70742
0.43 0.70234
0.44 0.69763
0.45 0.6936
0.46 0.69055
0.47 0.68871
0.48 0.68824
0.49 0.68929
0.5 0.69193
0.51 0.69615
0.52 0.70192
0.53 0.70909
0.54 0.71742
0.55 0.72655
0.56 0.73601
0.57 0.74521
0.58 0.75361
0.59 0.76077
0.6 0.76648
0.61 0.7707
0.62 0.77358
0.63 0.77544
0.64 0.77674
0.65 0.7781
0.66 0.7802
0.67 0.78376
0.68 0.78948
0.69 0.798
0.7 0.80981
0.71 0.82528
0.72 0.84461
0.73 0.86785
0.74 0.89488
0.75 0.92542
0.76 0.95903
0.77 0.99517
0.78 1.0331
0.79 1.0722
0.8 1.1115
0.81 1.1506
0.82 1.1887
0.83 1.2257
0.84 1.2614
0.85 1.2958
0.86 1.3294
0.87 1.3625
0.88 1.3958
0.89 1.4298
0.9 1.4647
0.91 1.5007
0.92 1.5376
0.93 1.5751
0.94 1.6126
0.95 1.6488
0.96 1.6826
0.97 1.7127
0.98 1.7378
0.99 1.757
1 1.7694
1.01 1.7748
1.02 1.7726
1.03 1.763
1.04 1.746
1.05 1.7221
1.06 1.6917
1.07 1.6557
1.08 1.6148
1.09 1.57
1.1 1.5223
1.11 1.4728
1.12 1.4225
1.13 1.3722
1.14 1.3225
1.15 1.274
1.16 1.227
1.17 1.182
1.18 1.1391
1.19 1.0985
1.2 1.0603
1.21 1.0244
1.22 0.99119
1.23 0.9608
1.24 0.93365
1.25 0.91015
1.26 0.89066
1.27 0.87538
1.28 0.86422
1.29 0.85658
1.3 0.85132
1.31 0.84688
1.32 0.84171
1.33 0.83464
1.34 0.82511
1.35 0.81326
1.36 0.7998
1.37 0.78591
1.38 0.77308
1.39 0.76282
1.4 0.75648
1.41 0.7549
1.42 0.75831
1.43 0.7662
1.44 0.77751
1.45 0.79082
1.46 0.80468
1.47 0.81787
1.48 0.82949
1.49 0.83908
1.5 0.84645
1.51 0.85162
1.52 0.85479
1.53 0.85631
1.54 0.85669
1.55 0.85651
1.56 0.85641
1.57 0.85706
1.58 0.85916
1.59 0.86338
1.6 0.87038
1.61 0.8808
1.62 0.89519
1.63 0.91399
1.64 0.93737
1.65 0.96522
1.66 0.99717
1.67 1.0327
1.68 1.0709
1.69 1.1112
1.7 1.1526
1.71 1.1945
1.72 1.2364
1.73 1.278
1.74 1.3193
1.75 1.3606
1.76 1.4022
1.77 1.4446
1.78 1.488
1.79 1.5323
1.8 1.5774
1.81 1.623
1.82 1.6684
1.83 1.7122
1.84 1.7529
1.85 1.7888
1.86 1.8182
1.87 1.8395
1.88 1.8516
1.89 1.8537
1.9 1.8457
1.91 1.8275
1.92 1.7996
1.93 1.7627
1.94 1.718
1.95 1.6669
1.96 1.611
1.97 1.5518
1.98 1.4903
1.99 1.4275
2 1.3643
2.01 1.3016
2.02 1.2403
2.03 1.1809
2.04 1.1242
2.05 1.0704
2.06 1.02
2.07 0.97327
2.08 0.93079
2.09 0.89288
2.1 0.85985
2.11 0.83195
2.12 0.80938
2.13 0.79219
2.14 0.78031
2.15 0.77336
2.16 0.7705
2.17 0.77038
2.18 0.77119
2.19 0.77108
2.2 0.76856
2.21 0.76287
2.22 0.75405
2.23 0.74295
2.24 0.73109
2.25 0.72035
2.26 0.71268
2.27 0.70966
2.28 0.71216
2.29 0.72018
2.3 0.73281
2.31 0.74847
2.32 0.76527
2.33 0.78144
2.34 0.79561
2.35 0.8069
2.36 0.81484
2.37 0.81939
2.38 0.82083
2.39 0.81975
2.4 0.81689
2.41 0.81303
2.42 0.80894
2.43 0.80538
2.44 0.80307
2.45 0.80272
2.46 0.80499
2.47 0.81047
2.48 0.8196
2.49 0.83266
2.5 0.84969
2.51 0.87053
2.52 0.89487
2.53 0.9223
2.54 0.95235
2.55 0.98454
2.56 1.0183
2.57 1.0532
2.58 1.0887
2.59 1.1243
2.6 1.1598
2.61 1.1949
2.62 1.2297
2.63 1.2644
2.64 1.2992
2.65 1.3348
2.66 1.3713
2.67 1.4091
2.68 1.4481
2.69 1.4878
2.7 1.5275
2.71 1.5661
2.72 1.6023
2.73 1.6344
2.74 1.6608
2.75 1.6797
2.76 1.6903
2.77 1.6918
2.78 1.6843
2.79 1.668
2.8 1.6435
2.81 1.6117
2.82 1.5734
2.83 1.53
2.84 1.4829
2.85 1.4332
2.86 1.3819
2.87 1.3298
2.88 1.2775
2.89 1.2255
2.9 1.1746
2.91 1.1252
2.92 1.078
2.93 1.0332
2.94 0.99141
2.95 0.95283
2.96 0.91781
2.97 0.88666
2.98 0.8596
2.99 0.83685
3 0.81852
3.01 0.80463
3.02 0.795
3.03 0.78917
3.04 0.78639
3.05 0.78558
3.06 0.78546
3.07 0.78464
3.08 0.78181
3.09 0.77588
3.1 0.76629
3.11 0.7532
3.12 0.73755
3.13 0.72095
3.14 0.70543
3.15 0.69302
3.16 0.68545
3.17 0.6838
3.18 0.68829
3.19 0.69824
3.2 0.71213
3.21 0.72801
3.22 0.74396
3.23 0.75848
3.24 0.77067
3.25 0.7802
3.26 0.78717
3.27 0.79201
3.28 0.79533
3.29 0.79791
3.3 0.80053
3.31 0.80393
3.32 0.80877
3.33 0.81566
3.34 0.82513
3.35 0.83767
3.36 0.85366
3.37 0.87341
3.38 0.89706
3.39 0.92465
3.4 0.95606
3.41 0.99106
3.42 1.0292
3.43 1.0701
3.44 1.113
3.45 1.1573
3.46 1.2025
3.47 1.2481
3.48 1.2935
3.49 1.3385
3.5 1.383
3.51 1.427
3.52 1.4707
3.53 1.5144
3.54 1.5583
3.55 1.6028
3.56 1.6479
3.57 1.6936
3.58 1.7394
3.59 1.7847
3.6 1.8287
3.61 1.8701
3.62 1.9077
3.63 1.94
3.64 1.9657
3.65 1.9838
3.66 1.9936
3.67 1.9945
3.68 1.9863
3.69 1.9691
3.7 1.943
3.71 1.9087
3.72 1.8669
3.73 1.8184
3.74 1.7643
3.75 1.7054
3.76 1.6429
3.77 1.5781
3.78 1.512
3.79 1.4457
3.8 1.3802
3.81 1.3163
3.82 1.2545
3.83 1.1951
3.84 1.1386
3.85 1.0851
3.86 1.0348
3.87 0.98811
3.88 0.94517
3.89 0.9063
3.9 0.87179
3.91 0.84202
3.92 0.81738
3.93 0.79821
3.94 0.78472
3.95 0.77679
3.96 0.77375
3.97 0.77439
3.98 0.77705
3.99 0.77992
4 0.78134
4.01 0.78013
4.02 0.77579
4.03 0.76864
4.04 0.7597
4.05 0.75052
4.06 0.74285
4.07 0.73828
4.08 0.73801
4.09 0.74254
4.1 0.75158
4.11 0.76404
4.12 0.77833
4.13 0.7928
4.14 0.80603
4.15 0.81709
4.16 0.82553
4.17 0.83133
4.18 0.83483
4.19 0.83663
4.2 0.83745
4.21 0.83809
4.22 0.83939
4.23 0.8422
4.24 0.8474
4.25 0.85583
4.26 0.86825
4.27 0.88524
4.28 0.90704
4.29 0.9335
4.3 0.96406
4.31 0.99784
4.32 1.0339
4.33 1.0713
4.34 1.1094
4.35 1.1476
4.36 1.1855
4.37 1.223
4.38 1.2601
4.39 1.2969
4.4 1.3336
4.41 1.3706
4.42 1.4081
4.43 1.4464
4.44 1.4858
4.45 1.5265
4.46 1.5681
4.47 1.6105
4.48 1.653
4.49 1.6944
4.5 1.7337
4.51 1.7692
4.52 1.7997
4.53 1.8235
4.54 1.8397
4.55 1.8475
4.56 1.8464
4.57 1.8366
4.58 1.8184
4.59 1.7923
4.6 1.759
4.61 1.7192
4.62 1.6739
4.63 1.6241
4.64 1.571
4.65 1.5157
4.66 1.4589
4.67 1.4015
4.68 1.3443
4.69 1.2878
4.7 1.2325
4.71 1.1786
4.72 1.1265
4.73 1.0765
4.74 1.0292
4.75 0.9848
4.76 0.94385
4.77 0.90674
4.78 0.87388
4.79 0.84561
4.8 0.82223
4.81 0.80395
4.82 0.79078
4.83 0.78242
4.84 0.77807
4.85 0.77641
4.86 0.77573
4.87 0.7742
4.88 0.77026
4.89 0.76292
4.9 0.75192
4.91 0.73786
4.92 0.72208
4.93 0.70636
4.94 0.69267
4.95 0.68282
4.96 0.67817
4.97 0.67933
4.98 0.68612
4.99 0.69759
5 0.71227
5.01 0.72844
5.02 0.74446
5.03 0.75902
5.04 0.77129
5.05 0.78089
5.06 0.7878
5.07 0.79232
5.08 0.79496
5.09 0.79646
5.1 0.79766
5.11 0.79943
5.12 0.80262
5.13 0.80802
5.14 0.8163
5.15 0.828
5.16 0.8434
5.17 0.86258
5.18 0.88537
5.19 0.91143
5.2 0.94039
5.21 0.97183
5.22 1.0053
5.23 1.0405
5.24 1.0768
5.25 1.114
5.26 1.1518
5.27 1.19
5.28 1.2284
5.29 1.2668
5.3 1.3054
5.31 1.3443
5.32 1.3836
5.33 1.4237
5.34 1.4646
5.35 1.5065
5.36 1.5495
5.37 1.5933
5.38 1.6377
5.39 1.6817
5.4 1.7239
5.41 1.7631
5.42 1.7979
5.43 1.827
5.44 1.8498
5.45 1.8652
5.46 1.8729
5.47 1.8723
5.48 1.8633
5.49 1.846
5.5 1.8206
5.51 1.7878
5.52 1.7486
5.53 1.7042
5.54 1.6556
5.55 1.6041
5.56 1.5505
5.57 1.4959
5.58 1.4409
5.59 1.3861
5.6 1.3323
5.61 1.2798
5.62 1.229
5.63 1.1803
5.64 1.1338
5.65 1.0897
5.66 1.0478
5.67 1.0082
5.68 0.97051
5.69 0.93468
5.7 0.90051
5.71 0.86791
5.72 0.83686
5.73 0.8074
5.74 0.77971
5.75 0.75405
5.76 0.73076
5.77 0.71021
5.78 0.69282
5.79 0.67902
5.8 0.66908
5.81 0.66308
5.82 0.66072
5.83 0.66136
5.84 0.66411
5.85 0.66801
5.86 0.6722
5.87 0.67604
5.88 0.67908
5.89 0.68108
5.9 0.682
5.91 0.68198
5.92 0.68129
5.93 0.68033
5.94 0.6795
5.95 0.67914
5.96 0.67942
5.97 0.68037
5.98 0.68198
5.99 0.68417
6 0.68689
6.01 0.69004
6.02 0.69348
6.03 0.69704
6.04 0.7005
6.05 0.70365
6.06 0.7063
6.07 0.70833
6.08 0.70968
6.09 0.71035
6.1 0.71038
6.11 0.70984
6.12 0.70881
6.13 0.70741
6.14 0.70574
6.15 0.70389
6.16 0.70196
6.17 0.69999
6.18 0.69801
6.19 0.69604
6.2 0.69406
6.21 0.6921
6.22 0.69016
6.23 0.68831
6.24 0.68661
6.25 0.68513
6.26 0.68388
6.27 0.68286
6.28 0.68197
6.29 0.68112
6.3 0.68015
6.31 0.67894
6.32 0.6774
6.33 0.67549
6.34 0.67323
6.35 0.67073
6.36 0.6681
6.37 0.66548
6.38 0.6629
6.39 0.66037
6.4 0.65791
6.41 0.65554
6.42 0.65331
6.43 0.65125
6.44 0.64939
6.45 0.64774
6.46 0.6463
6.47 0.64505
6.48 0.64397
6.49 0.64298
6.5 0.642
6.51 0.64093
6.52 0.63972
6.53 0.63835
6.54 0.63682
6.55 0.63519
6.56 0.6335
6.57 0.63183
6.58 0.63023
6.59 0.62874
6.6 0.6274
6.61 0.62623
6.62 0.62524
6.63 0.62443
6.64 0.62378
6.65 0.62328
6.66 0.62288
6.67 0.62253
6.68 0.62218
6.69 0.6218
6.7 0.62139
6.71 0.62095
6.72 0.62051
6.73 0.6201
6.74 0.61974
6.75 0.61946
6.76 0.61923
6.77 0.61907
6.78 0.61895
6.79 0.61884
6.8 0.61871
6.81 0.61855
6.82 0.61833
6.83 0.61806
6.84 0.61773
6.85 0.61735
6.86 0.61693
6.87 0.61648
6.88 0.61604
