0 -0.74243
0.01 -0.71521
0.02 -0.68922
0.03 -0.66533
0.04 -0.64391
0.05 -0.62493
0.06 -0.60802
0.07 -0.59254
0.08 -0.57777
0.09 -0.56307
0.1 -0.548
0.11 -0.5323
0.12 -0.51599
0.13 -0.49934
0.14 -0.48285
0.15 -0.46709
0.16 -0.45249
0.17 -0.43923
0.18 -0.42715
0.19 -0.41593
0.2 -0.40523
0.21 -0.39479
0.22 -0.38449
0.23 -0.37432
0.24 -0.36432
0.25 -0.35461
0.26 -0.34535
0.27 -0.33671
0.28 -0.32887
0.29 -0.32192
0.3 -0.3159
0.31 -0.31081
0.32 -0.30665
0.33 -0.30343
0.34 -0.30121
0.35 -0.30003
0.36 -0.2999
0.37 -0.30078
0.38 -0.30263
0.39 -0.30537
0.4 -0.30894
0.41 -0.31332
0.42 -0.31848
0.43 -0.32446
0.44 -0.33135
0.45 -0.33929
0.46 -0.34836
0.47 -0.35861
0.48 -0.36997
0.49 -0.38232
0.5 -0.39545
0.51 -0.40905
0.52 -0.42274
0.53 -0.436
0.54 -0.44832
0.55 -0.4591
0.56 -0.46776
0.57 -0.47373
0.58 -0.47656
0.59 -0.47598
0.6 -0.47195
0.61 -0.46471
0.62 -0.45476
0.63 -0.44283
0.64 -0.42982
0.65 -0.41679
0.66 -0.40494
0.67 -0.39558
0.68 -0.39007
0.69 -0.38969
0.7 -0.39559
0.71 -0.40869
0.72 -0.42965
0.73 -0.45884
0.74 -0.4963
0.75 -0.54173
0.76 -0.59454
0.77 -0.65389
0.78 -0.7187
0.79 -0.78776
0.8 -0.85977
0.81 -0.93345
0.82 -1.0076
0.83 -1.0814
0.84 -1.1539
0.85 -1.2247
0.86 -1.2934
0.87 -1.3601
0.88 -1.4248
0.89 -1.4876
0.9 -1.5484
0.91 -1.6072
0.92 -1.6636
0.93 -1.7173
0.94 -1.768
0.95 -1.8155
0.96 -1.8592
0.97 -1.8985
0.98 -1.9329
0.99 -1.9618
1 -1.9847
1.01 -2.0011
1.02 -2.0105
1.03 -2.0128
1.04 -2.0078
1.05 -1.9954
1.06 -1.9756
1.07 -1.9484
1.08 -1.9136
1.09 -1.8712
1.1 -1.8208
1.11 -1.7623
1.12 -1.6954
1.13 -1.6203
1.14 -1.5373
1.15 -1.4472
1.16 -1.3512
1.17 -1.2509
1.18 -1.1478
1.19 -1.0437
1.2 -0.94027
1.21 -0.83936
1.22 -0.74303
1.23 -0.6536
1.24 -0.57358
1.25 -0.50549
1.26 -0.45149
1.27 -0.41285
1.28 -0.38954
1.29 -0.37995
1.3 -0.38089
1.31 -0.38822
1.32 -0.39763
1.33 -0.40561
1.34 -0.40989
1.35 -0.40956
1.36 -0.405
1.37 -0.39761
1.38 -0.38961
1.39 -0.38357
1.4 -0.38189
1.41 -0.38628
1.42 -0.39724
1.43 -0.41398
1.44 -0.43451
1.45 -0.45618
1.46 -0.47618
1.47 -0.49214
1.48 -0.50251
1.49 -0.5066
1.5 -0.50446
1.51 -0.49663
1.52 -0.484
1.53 -0.46771
1.54 -0.44913
1.55 -0.42973
1.56 -0.41111
1.57 -0.39488
1.58 -0.38263
1.59 -0.3759
1.6 -0.37616
1.61 -0.38475
1.62 -0.40285
1.63 -0.4313
1.64 -0.47042
1.65 -0.51991
1.66 -0.57894
1.67 -0.64622
1.68 -0.72015
1.69 -0.79899
1.7 -0.88105
1.71 -0.96477
1.72 -1.0488
1.73 -1.1322
1.74 -1.2141
1.75 -1.2938
1.76 -1.3713
1.77 -1.4463
1.78 -1.519
1.79 -1.5894
1.8 -1.6571
1.81 -1.722
1.82 -1.7835
1.83 -1.8413
1.84 -1.8945
1.85 -1.9423
1.86 -1.9838
1.87 -2.0182
1.88 -2.0446
1.89 -2.0624
1.9 -2.0711
1.91 -2.0702
1.92 -2.0597
1.93 -2.0396
1.94 -2.0099
1.95 -1.9705
1.96 -1.9215
1.97 -1.8624
1.98 -1.793
1.99 -1.7135
2 -1.6242
2.01 -1.526
2.02 -1.4203
2.03 -1.3087
2.04 -1.193
2.05 -1.0755
2.06 -0.95846
2.07 -0.84411
2.08 -0.73459
2.09 -0.63195
2.1 -0.53821
2.11 -0.45542
2.12 -0.38558
2.13 -0.33047
2.14 -0.29134
2.15 -0.26846
2.16 -0.26053
2.17 -0.26456
2.18 -0.2762
2.19 -0.2907
2.2 -0.30389
2.21 -0.31289
2.22 -0.31652
2.23 -0.31526
2.24 -0.31108
2.25 -0.30686
2.26 -0.30578
2.27 -0.31057
2.28 -0.32277
2.29 -0.3423
2.3 -0.36726
2.31 -0.39445
2.32 -0.42018
2.33 -0.44123
2.34 -0.45538
2.35 -0.46163
2.36 -0.45991
2.37 -0.45089
2.38 -0.4357
2.39 -0.41589
2.4 -0.39314
2.41 -0.3692
2.42 -0.34578
2.43 -0.32451
2.44 -0.30697
2.45 -0.29468
2.46 -0.28905
2.47 -0.29135
2.48 -0.30256
2.49 -0.32334
2.5 -0.35391
2.51 -0.39405
2.52 -0.44322
2.53 -0.50064
2.54 -0.56538
2.55 -0.63644
2.56 -0.71273
2.57 -0.7931
2.58 -0.87638
2.59 -0.96144
2.6 -1.0472
2.61 -1.1325
2.62 -1.2165
2.63 -1.2987
2.64 -1.3787
2.65 -1.4567
2.66 -1.5327
2.67 -1.607
2.68 -1.6792
2.69 -1.749
2.7 -1.8156
2.71 -1.8779
2.72 -1.9349
2.73 -1.9852
2.74 -2.0279
2.75 -2.062
2.76 -2.0867
2.77 -2.1015
2.78 -2.1061
2.79 -2.1003
2.8 -2.0841
2.81 -2.0575
2.82 -2.0208
2.83 -1.9742
2.84 -1.9176
2.85 -1.8512
2.86 -1.775
2.87 -1.6894
2.88 -1.595
2.89 -1.4931
2.9 -1.3853
2.91 -1.2737
2.92 -1.1604
2.93 -1.0475
2.94 -0.93673
2.95 -0.83004
2.96 -0.72922
2.97 -0.63608
2.98 -0.5524
2.99 -0.47987
3 -0.41997
3.01 -0.3739
3.02 -0.34234
3.03 -0.32528
3.04 -0.32173
3.05 -0.32964
3.06 -0.3459
3.07 -0.36668
3.08 -0.38794
3.09 -0.40604
3.1 -0.41839
3.11 -0.42394
3.12 -0.42335
3.13 -0.41872
3.14 -0.41311
3.15 -0.40981
3.16 -0.41164
3.17 -0.42036
3.18 -0.43614
3.19 -0.45755
3.2 -0.48176
3.21 -0.50531
3.22 -0.52492
3.23 -0.53816
3.24 -0.54376
3.25 -0.54157
3.26 -0.53228
3.27 -0.51721
3.28 -0.49806
3.29 -0.4767
3.3 -0.45505
3.31 -0.43496
3.32 -0.41814
3.33 -0.40614
3.34 -0.40034
3.35 -0.40192
3.36 -0.41186
3.37 -0.43085
3.38 -0.45921
3.39 -0.4969
3.4 -0.54355
3.41 -0.59851
3.42 -0.6609
3.43 -0.72967
3.44 -0.80366
3.45 -0.88162
3.46 -0.96232
3.47 -1.0445
3.48 -1.127
3.49 -1.2086
3.5 -1.2884
3.51 -1.3658
3.52 -1.4404
3.53 -1.512
3.54 -1.5805
3.55 -1.6461
3.56 -1.7087
3.57 -1.7685
3.58 -1.8252
3.59 -1.879
3.6 -1.9296
3.61 -1.9767
3.62 -2.0199
3.63 -2.0582
3.64 -2.0909
3.65 -2.1172
3.66 -2.1364
3.67 -2.1479
3.68 -2.1517
3.69 -2.1476
3.7 -2.1358
3.71 -2.1166
3.72 -2.0902
3.73 -2.0568
3.74 -2.0164
3.75 -1.9689
3.76 -1.914
3.77 -1.8514
3.78 -1.7808
3.79 -1.702
3.8 -1.6152
3.81 -1.5211
3.82 -1.4206
3.83 -1.3151
3.84 -1.206
3.85 -1.0949
3.86 -0.98333
3.87 -0.8731
3.88 -0.76596
3.89 -0.66389
3.9 -0.56905
3.91 -0.48382
3.92 -0.41068
3.93 -0.35206
3.94 -0.30993
3.95 -0.28527
3.96 -0.27748
3.97 -0.28406
3.98 -0.30089
3.99 -0.32305
4 -0.34568
4.01 -0.36488
4.02 -0.37822
4.03 -0.38509
4.04 -0.38654
4.05 -0.38487
4.06 -0.38297
4.07 -0.38371
4.08 -0.38931
4.09 -0.4008
4.1 -0.41773
4.11 -0.43819
4.12 -0.45933
4.13 -0.47813
4.14 -0.49209
4.15 -0.49965
4.16 -0.50026
4.17 -0.49423
4.18 -0.48251
4.19 -0.46657
4.2 -0.4482
4.21 -0.4294
4.22 -0.4123
4.23 -0.39902
4.24 -0.3917
4.25 -0.39237
4.26 -0.4028
4.27 -0.42434
4.28 -0.4576
4.29 -0.50231
4.3 -0.55736
4.31 -0.62103
4.32 -0.69138
4.33 -0.76659
4.34 -0.84509
4.35 -0.92558
4.36 -1.007
4.37 -1.0886
4.38 -1.1695
4.39 -1.249
4.4 -1.3265
4.41 -1.4014
4.42 -1.4736
4.43 -1.5429
4.44 -1.6093
4.45 -1.6729
4.46 -1.7334
4.47 -1.7908
4.48 -1.8448
4.49 -1.8949
4.5 -1.9406
4.51 -1.9813
4.52 -2.0164
4.53 -2.0453
4.54 -2.0675
4.55 -2.0825
4.56 -2.0901
4.57 -2.0902
4.58 -2.0827
4.59 -2.0677
4.6 -2.0451
4.61 -2.0151
4.62 -1.9776
4.63 -1.9325
4.64 -1.8796
4.65 -1.8187
4.66 -1.7499
4.67 -1.6731
4.68 -1.5887
4.69 -1.4972
4.7 -1.3993
4.71 -1.2962
4.72 -1.1894
4.73 -1.0802
4.74 -0.97062
4.75 -0.86238
4.76 -0.75755
4.77 -0.65831
4.78 -0.56688
4.79 -0.48559
4.8 -0.41664
4.81 -0.36202
4.82 -0.32312
4.83 -0.30029
4.84 -0.29232
4.85 -0.29626
4.86 -0.30784
4.87 -0.3223
4.88 -0.33526
4.89 -0.34345
4.9 -0.34523
4.91 -0.34065
4.92 -0.33135
4.93 -0.32002
4.94 -0.30993
4.95 -0.30422
4.96 -0.30533
4.97 -0.3144
4.98 -0.33104
4.99 -0.35341
5 -0.37869
5.01 -0.4038
5.02 -0.4259
5.03 -0.44283
5.04 -0.45324
5.05 -0.45665
5.06 -0.45342
5.07 -0.4446
5.08 -0.43168
5.09 -0.41643
5.1 -0.40074
5.11 -0.38654
5.12 -0.37573
5.13 -0.37017
5.14 -0.37153
5.15 -0.38114
5.16 -0.39982
5.17 -0.42779
5.18 -0.46472
5.19 -0.50988
5.2 -0.56237
5.21 -0.62122
5.22 -0.68548
5.23 -0.75419
5.24 -0.82638
5.25 -0.90108
5.26 -0.9774
5.27 -1.0545
5.28 -1.1314
5.29 -1.2076
5.3 -1.2824
5.31 -1.3554
5.32 -1.4263
5.33 -1.4951
5.34 -1.5617
5.35 -1.6259
5.36 -1.6873
5.37 -1.7458
5.38 -1.8009
5.39 -1.8525
5.4 -1.8999
5.41 -1.9428
5.42 -1.9804
5.43 -2.0124
5.44 -2.0381
5.45 -2.0572
5.46 -2.0695
5.47 -2.0747
5.48 -2.0728
5.49 -2.0639
5.5 -2.0482
5.51 -2.026
5.52 -1.9975
5.53 -1.9629
5.54 -1.9225
5.55 -1.8763
5.56 -1.8245
5.57 -1.7674
5.58 -1.7053
5.59 -1.6387
5.6 -1.5684
5.61 -1.4955
5.62 -1.421
5.63 -1.3458
5.64 -1.2708
5.65 -1.1963
5.66 -1.1225
5.67 -1.0492
5.68 -0.9763
5.69 -0.90357
5.7 -0.8311
5.71 -0.75911
5.72 -0.68804
5.73 -0.61854
5.74 -0.5515
5.75 -0.48799
5.76 -0.42922
5.77 -0.37646
5.78 -0.33095
5.79 -0.29362
5.8 -0.26497
5.81 -0.24482
5.82 -0.23225
5.83 -0.22559
5.84 -0.22274
5.85 -0.22156
5.86 -0.22027
5.87 -0.21759
5.88 -0.21276
5.89 -0.20552
5.9 -0.19598
5.91 -0.18464
5.92 -0.17231
5.93 -0.16001
5.94 -0.14878
5.95 -0.1394
5.96 -0.13233
5.97 -0.12772
5.98 -0.12548
5.99 -0.1254
6 -0.12724
6.01 -0.13066
6.02 -0.13529
6.03 -0.14065
6.04 -0.14626
6.05 -0.15163
6.06 -0.15639
6.07 -0.16034
6.08 -0.1634
6.09 -0.16561
6.1 -0.16709
6.11 -0.16802
6.12 -0.16858
6.13 -0.16894
6.14 -0.16924
6.15 -0.16958
6.16 -0.17004
6.17 -0.1707
6.18 -0.17165
6.19 -0.17301
6.2 -0.17488
6.21 -0.17732
6.22 -0.18028
6.23 -0.18371
6.24 -0.18756
6.25 -0.19181
6.26 -0.19641
6.27 -0.20127
6.28 -0.20623
6.29 -0.21105
6.3 -0.21545
6.31 -0.21918
6.32 -0.22206
6.33 -0.22402
6.34 -0.22515
6.35 -0.22563
6.36 -0.2257
6.37 -0.22557
6.38 -0.22534
6.39 -0.22506
6.4 -0.22474
6.41 -0.22443
6.42 -0.22419
6.43 -0.22405
6.44 -0.22404
6.45 -0.22419
6.46 -0.22449
6.47 -0.22493
6.48 -0.22547
6.49 -0.22601
6.5 -0.22645
6.51 -0.22667
6.52 -0.22661
6.53 -0.22626
6.54 -0.22565
6.55 -0.22485
6.56 -0.22394
6.57 -0.22302
6.58 -0.22216
6.59 -0.22141
6.6 -0.22082
6.61 -0.22036
6.62 -0.22004
6.63 -0.21984
6.64 -0.21974
6.65 -0.21971
6.66 -0.21969
6.67 -0.21962
6.68 -0.21942
6.69 -0.21905
6.7 -0.21851
6.71 -0.21784
6.72 -0.21711
6.73 -0.21639
6.74 -0.21576
6.75 -0.21524
6.76 -0.21484
6.77 -0.21453
6.78 -0.21429
6.79 -0.21406
6.8 -0.2138
6.81 -0.21347
6.82 -0.21306
6.83 -0.21258
6.84 -0.21203
6.85 -0.21142
6.86 -0.21077
6.87 -0.21011
6.88 -0.20948
