0 1.4769
0.01 1.4792
0.02 1.4822
0.03 1.4862
0.04 1.4912
0.05 1.4971
0.06 1.5037
0.07 1.5106
0.08 1.5173
0.09 1.5232
0.1 1.5279
0.11 1.5307
0.12 1.5313
0.13 1.5294
0.14 1.525
0.15 1.5182
0.16 1.5095
0.17 1.499
0.18 1.4869
0.19 1.4736
0.2 1.459
0.21 1.4434
0.22 1.4271
0.23 1.4103
0.24 1.3935
0.25 1.377
0.26 1.3615
0.27 1.3475
0.28 1.3356
0.29 1.3261
0.3 1.3196
0.31 1.316
0.32 1.3156
0.33 1.3182
0.34 1.3238
0.35 1.3323
0.36 1.3436
0.37 1.3572
0.38 1.3728
0.39 1.39
0.4 1.4083
0.41 1.4275
0.42 1.4472
0.43 1.4672
0.44 1.4872
0.45 1.5069
0.46 1.526
0.47 1.544
0.48 1.5606
0.49 1.5754
0.5 1.5882
0.51 1.5986
0.52 1.6063
0.53 1.6109
0.54 1.6121
0.55 1.6095
0.56 1.6029
0.57 1.5922
0.58 1.5771
0.59 1.5578
0.6 1.5343
0.61 1.5069
0.62 1.4759
0.63 1.4422
0.64 1.4064
0.65 1.3696
0.66 1.3326
0.67 1.2965
0.68 1.2621
0.69 1.2301
0.7 1.2009
0.71 1.1746
0.72 1.1513
0.73 1.1307
0.74 1.1123
0.75 1.0957
0.76 1.0806
0.77 1.0671
0.78 1.0555
0.79 1.0463
0.8 1.0399
0.81 1.0361
0.82 1.0343
0.83 1.0335
0.84 1.0325
0.85 1.0307
0.86 1.0275
0.87 1.023
0.88 1.0177
0.89 1.0119
0.9 1.006
0.91 1.0001
0.92 0.99427
0.93 0.98855
0.94 0.98312
0.95 0.97834
0.96 0.97462
0.97 0.97239
0.98 0.97214
0.99 0.97434
1 0.9794
1.01 0.98765
1.02 0.99924
1.03 1.0142
1.04 1.0322
1.05 1.0531
1.06 1.0765
1.07 1.1017
1.08 1.1283
1.09 1.1556
1.1 1.1827
1.11 1.2087
1.12 1.233
1.13 1.2554
1.14 1.2763
1.15 1.2962
1.16 1.3154
1.17 1.3338
1.18 1.3512
1.19 1.3665
1.2 1.3784
1.21 1.3855
1.22 1.3867
1.23 1.3821
1.24 1.3725
1.25 1.3604
1.26 1.3486
1.27 1.3403
1.28 1.338
1.29 1.3432
1.3 1.3563
1.31 1.376
1.32 1.4005
1.33 1.4274
1.34 1.4546
1.35 1.4806
1.36 1.5044
1.37 1.5255
1.38 1.5443
1.39 1.5616
1.4 1.5781
1.41 1.5945
1.42 1.6109
1.43 1.6267
1.44 1.6405
1.45 1.6508
1.46 1.656
1.47 1.6547
1.48 1.6463
1.49 1.6304
1.5 1.6075
1.51 1.5782
1.52 1.5437
1.53 1.5049
1.54 1.4633
1.55 1.4201
1.56 1.3768
1.57 1.3347
1.58 1.2949
1.59 1.2585
1.6 1.2263
1.61 1.1986
1.62 1.1758
1.63 1.1577
1.64 1.1443
1.65 1.1349
1.66 1.1291
1.67 1.1262
1.68 1.1256
1.69 1.1267
1.7 1.1289
1.71 1.1312
1.72 1.1328
1.73 1.133
1.74 1.1311
1.75 1.1268
1.76 1.1201
1.77 1.1114
1.78 1.1012
1.79 1.0898
1.8 1.0776
1.81 1.0651
1.82 1.0528
1.83 1.0416
1.84 1.0328
1.85 1.0274
1.86 1.0266
1.87 1.0311
1.88 1.041
1.89 1.0555
1.9 1.0724
1.91 1.0891
1.92 1.1039
1.93 1.1168
1.94 1.1291
1.95 1.1424
1.96 1.1574
1.97 1.1744
1.98 1.1931
1.99 1.2132
2 1.2343
2.01 1.256
2.02 1.278
2.03 1.3003
2.04 1.3226
2.05 1.3441
2.06 1.3636
2.07 1.3792
2.08 1.389
2.09 1.3917
2.1 1.3872
2.11 1.3765
2.12 1.3619
2.13 1.3466
2.14 1.3341
2.15 1.3276
2.16 1.3293
2.17 1.3395
2.18 1.3569
2.19 1.3792
2.2 1.4039
2.21 1.4287
2.22 1.4521
2.23 1.4732
2.24 1.492
2.25 1.5091
2.26 1.5251
2.27 1.5407
2.28 1.5562
2.29 1.5712
2.3 1.5843
2.31 1.5937
2.32 1.5974
2.33 1.5939
2.34 1.5822
2.35 1.5624
2.36 1.5352
2.37 1.5016
2.38 1.463
2.39 1.4207
2.4 1.3761
2.41 1.3307
2.42 1.2859
2.43 1.2429
2.44 1.2029
2.45 1.167
2.46 1.1359
2.47 1.1101
2.48 1.0898
2.49 1.0749
2.5 1.065
2.51 1.0593
2.52 1.0569
2.53 1.0571
2.54 1.0591
2.55 1.0621
2.56 1.0658
2.57 1.0694
2.58 1.0726
2.59 1.0746
2.6 1.0751
2.61 1.0737
2.62 1.0702
2.63 1.0645
2.64 1.0571
2.65 1.0482
2.66 1.0383
2.67 1.0278
2.68 1.0172
2.69 1.0069
2.7 0.99748
2.71 0.98928
2.72 0.98267
2.73 0.97813
2.74 0.97633
2.75 0.97795
2.76 0.98352
2.77 0.99336
2.78 1.0076
2.79 1.0261
2.8 1.0485
2.81 1.0741
2.82 1.102
2.83 1.1308
2.84 1.1591
2.85 1.186
2.86 1.2109
2.87 1.2342
2.88 1.256
2.89 1.2772
2.9 1.2984
2.91 1.3196
2.92 1.3406
2.93 1.3603
2.94 1.3773
2.95 1.3901
2.96 1.3977
2.97 1.3998
2.98 1.3966
2.99 1.3892
3 1.3789
3.01 1.3677
3.02 1.3579
3.03 1.3516
3.04 1.3508
3.05 1.3565
3.06 1.3688
3.07 1.3866
3.08 1.4084
3.09 1.4319
3.1 1.455
3.11 1.4761
3.12 1.4946
3.13 1.5104
3.14 1.5242
3.15 1.5368
3.16 1.5492
3.17 1.5618
3.18 1.5746
3.19 1.5865
3.2 1.5959
3.21 1.601
3.22 1.6001
3.23 1.592
3.24 1.5763
3.25 1.5531
3.26 1.5233
3.27 1.4877
3.28 1.4474
3.29 1.4036
3.3 1.3575
3.31 1.3101
3.32 1.2627
3.33 1.2164
3.34 1.1723
3.35 1.1314
3.36 1.0947
3.37 1.063
3.38 1.0367
3.39 1.0161
3.4 1.001
3.41 0.99146
3.42 0.98718
3.43 0.98764
3.44 0.99176
3.45 0.99792
3.46 1.0041
3.47 1.008
3.48 1.0078
3.49 1.0021
3.5 0.99045
3.51 0.97356
3.52 0.95274
3.53 0.92966
3.54 0.90598
3.55 0.88314
3.56 0.86236
3.57 0.84462
3.58 0.83056
3.59 0.82051
3.6 0.81449
3.61 0.81231
3.62 0.81358
3.63 0.81768
3.64 0.82397
3.65 0.83187
3.66 0.84098
3.67 0.85116
3.68 0.86247
3.69 0.87515
3.7 0.88952
3.71 0.90584
3.72 0.92424
3.73 0.9447
3.74 0.96706
3.75 0.991
3.76 1.0161
3.77 1.0417
3.78 1.0674
3.79 1.0929
3.8 1.1182
3.81 1.1438
3.82 1.1701
3.83 1.1976
3.84 1.2262
3.85 1.2552
3.86 1.2831
3.87 1.3075
3.88 1.3264
3.89 1.3382
3.9 1.3425
3.91 1.3402
3.92 1.3332
3.93 1.3243
3.94 1.3171
3.95 1.3151
3.96 1.3208
3.97 1.3351
3.98 1.3571
3.99 1.3849
4 1.4157
4.01 1.447
4.02 1.4767
4.03 1.5034
4.04 1.5265
4.05 1.5462
4.06 1.563
4.07 1.5779
4.08 1.5913
4.09 1.6034
4.1 1.6135
4.11 1.6205
4.12 1.6228
4.13 1.6188
4.14 1.6074
4.15 1.5881
4.16 1.5614
4.17 1.528
4.18 1.4895
4.19 1.4473
4.2 1.4032
4.21 1.3589
4.22 1.3161
4.23 1.276
4.24 1.2398
4.25 1.2085
4.26 1.1825
4.27 1.1621
4.28 1.1471
4.29 1.1367
4.3 1.1297
4.31 1.125
4.32 1.1214
4.33 1.1181
4.34 1.1147
4.35 1.1106
4.36 1.1054
4.37 1.0989
4.38 1.091
4.39 1.0815
4.4 1.0706
4.41 1.0584
4.42 1.0452
4.43 1.0315
4.44 1.0177
4.45 1.004
4.46 0.99075
4.47 0.97801
4.48 0.96621
4.49 0.95589
4.5 0.94772
4.51 0.94259
4.52 0.9415
4.53 0.94544
4.54 0.95501
4.55 0.96998
4.56 0.989
4.57 1.0098
4.58 1.0299
4.59 1.0477
4.6 1.0624
4.61 1.0744
4.62 1.0853
4.63 1.0969
4.64 1.1106
4.65 1.1268
4.66 1.1455
4.67 1.1663
4.68 1.1887
4.69 1.2124
4.7 1.2374
4.71 1.2633
4.72 1.2898
4.73 1.3156
4.74 1.3393
4.75 1.3589
4.76 1.3727
4.77 1.3796
4.78 1.3799
4.79 1.3746
4.8 1.3659
4.81 1.3566
4.82 1.3497
4.83 1.3483
4.84 1.3543
4.85 1.3684
4.86 1.3894
4.87 1.4153
4.88 1.4438
4.89 1.4725
4.9 1.4998
4.91 1.5246
4.92 1.5466
4.93 1.5663
4.94 1.5845
4.95 1.6019
4.96 1.619
4.97 1.6359
4.98 1.652
4.99 1.6661
5 1.6768
5.01 1.6825
5.02 1.6821
5.03 1.6747
5.04 1.6599
5.05 1.6379
5.06 1.6091
5.07 1.5746
5.08 1.5358
5.09 1.4938
5.1 1.45
5.11 1.4059
5.12 1.363
5.13 1.3226
5.14 1.2859
5.15 1.2536
5.16 1.2258
5.17 1.202
5.18 1.1815
5.19 1.1631
5.2 1.1461
5.21 1.1301
5.22 1.1152
5.23 1.1016
5.24 1.0898
5.25 1.0798
5.26 1.0713
5.27 1.0636
5.28 1.056
5.29 1.0475
5.3 1.0378
5.31 1.0268
5.32 1.0148
5.33 1.0024
5.34 0.99015
5.35 0.97812
5.36 0.96639
5.37 0.95487
5.38 0.94359
5.39 0.93281
5.4 0.92295
5.41 0.91438
5.42 0.90737
5.43 0.9021
5.44 0.89876
5.45 0.89762
5.46 0.89911
5.47 0.90379
5.48 0.91224
5.49 0.925
5.5 0.9424
5.51 0.96439
5.52 0.99035
5.53 1.0192
5.54 1.0497
5.55 1.0805
5.56 1.1106
5.57 1.1392
5.58 1.1656
5.59 1.1898
5.6 1.212
5.61 1.2327
5.62 1.2524
5.63 1.2718
5.64 1.291
5.65 1.3103
5.66 1.3295
5.67 1.3482
5.68 1.366
5.69 1.382
5.7 1.3957
5.71 1.4064
5.72 1.4132
5.73 1.4158
5.74 1.4139
5.75 1.4078
5.76 1.398
5.77 1.3859
5.78 1.373
5.79 1.361
5.8 1.3515
5.81 1.3454
5.82 1.343
5.83 1.3438
5.84 1.347
5.85 1.3515
5.86 1.3564
5.87 1.361
5.88 1.3647
5.89 1.3671
5.9 1.3675
5.91 1.3659
5.92 1.3626
5.93 1.3581
5.94 1.3532
5.95 1.3487
5.96 1.3451
5.97 1.3429
5.98 1.3421
5.99 1.3426
6 1.344
6.01 1.3462
6.02 1.3488
6.03 1.3517
6.04 1.3544
6.05 1.3567
6.06 1.3584
6.07 1.3593
6.08 1.3594
6.09 1.3587
6.1 1.3576
6.11 1.3561
6.12 1.3546
6.13 1.3532
6.14 1.352
6.15 1.3508
6.16 1.3494
6.17 1.3476
6.18 1.3456
6.19 1.3435
6.2 1.3418
6.21 1.3408
6.22 1.3404
6.23 1.3405
6.24 1.3408
6.25 1.3413
6.26 1.3418
6.27 1.3423
6.28 1.343
6.29 1.3437
6.3 1.3443
6.31 1.3448
6.32 1.3449
6.33 1.3444
6.34 1.3435
6.35 1.342
6.36 1.3402
6.37 1.3382
6.38 1.3362
6.39 1.3341
6.4 1.3322
6.41 1.3303
6.42 1.3286
6.43 1.327
6.44 1.3256
6.45 1.3244
6.46 1.3235
6.47 1.3229
6.48 1.3224
6.49 1.3223
6.5 1.3223
6.51 1.3223
6.52 1.3225
6.53 1.3226
6.54 1.3228
6.55 1.3229
6.56 1.3231
6.57 1.3232
6.58 1.3235
6.59 1.3239
6.6 1.3246
6.61 1.3254
6.62 1.3266
6.63 1.328
6.64 1.3297
6.65 1.3316
6.66 1.3334
6.67 1.3351
6.68 1.3364
6.69 1.3375
6.7 1.3382
6.71 1.3387
6.72 1.3391
6.73 1.3394
6.74 1.3396
6.75 1.34
6.76 1.3405
6.77 1.3411
6.78 1.3417
6.79 1.3424
6.8 1.3431
6.81 1.3439
6.82 1.3447
6.83 1.3456
6.84 1.3467
6.85 1.3479
6.86 1.3492
6.87 1.3505
6.88 1.3518
