0 -0.092875
0.01 -0.093073
0.02 -0.093455
0.03 -0.094212
0.04 -0.095582
0.05 -0.097817
0.06 -0.10116
0.07 -0.10582
0.08 -0.11198
0.09 -0.11973
0.1 -0.12911
0.11 -0.14002
0.12 -0.15228
0.13 -0.16556
0.14 -0.17951
0.15 -0.19372
0.16 -0.20796
0.17 -0.22222
0.18 -0.23689
0.19 -0.25271
0.2 -0.27071
0.21 -0.29207
0.22 -0.318
0.23 -0.3496
0.24 -0.38776
0.25 -0.43297
0.26 -0.48524
0.27 -0.54404
0.28 -0.60843
0.29 -0.67721
0.3 -0.7491
0.31 -0.82289
0.32 -0.89755
0.33 -0.97228
0.34 -1.0466
0.35 -1.1202
0.36 -1.1932
0.37 -1.2656
0.38 -1.3374
0.39 -1.4085
0.4 -1.4784
0.41 -1.5468
0.42 -1.613
0.43 -1.6766
0.44 -1.7371
0.45 -1.7941
0.46 -1.8474
0.47 -1.8965
0.48 -1.941
0.49 -1.9806
0.5 -2.0147
0.51 -2.0426
0.52 -2.0639
0.53 -2.0778
0.54 -2.0839
0.55 -2.0818
0.56 -2.0712
0.57 -2.052
0.58 -2.0244
0.59 -1.9885
0.6 -1.9447
0.61 -1.8936
0.62 -1.8355
0.63 -1.7711
0.64 -1.7007
0.65 -1.625
0.66 -1.5446
0.67 -1.4602
0.68 -1.3725
0.69 -1.2825
0.7 -1.191
0.71 -1.0991
0.72 -1.0075
0.73 -0.91708
0.74 -0.8286
0.75 -0.74279
0.76 -0.66048
0.77 -0.58265
0.78 -0.51052
0.79 -0.44542
0.8 -0.38864
0.81 -0.34122
0.82 -0.30379
0.83 -0.27632
0.84 -0.258
0.85 -0.24722
0.86 -0.2417
0.87 -0.23888
0.88 -0.23641
0.89 -0.23254
0.9 -0.22638
0.91 -0.21776
0.92 -0.20724
0.93 -0.19596
0.94 -0.18545
0.95 -0.17737
0.96 -0.17308
0.97 -0.17334
0.98 -0.17806
0.99 -0.18638
1 -0.19683
1.01 -0.20764
1.02 -0.21706
1.03 -0.22372
1.04 -0.22676
1.05 -0.22592
1.06 -0.22144
1.07 -0.214
1.08 -0.20465
1.09 -0.19464
1.1 -0.18531
1.11 -0.17805
1.12 -0.1742
1.13 -0.17508
1.14 -0.18189
1.15 -0.19559
1.16 -0.21683
1.17 -0.2459
1.18 -0.28279
1.19 -0.32717
1.2 -0.37855
1.21 -0.43628
1.22 -0.49965
1.23 -0.56788
1.24 -0.64014
1.25 -0.71567
1.26 -0.79373
1.27 -0.87363
1.28 -0.95469
1.29 -1.0363
1.3 -1.1179
1.31 -1.199
1.32 -1.2793
1.33 -1.3586
1.34 -1.4365
1.35 -1.513
1.36 -1.5877
1.37 -1.6605
1.38 -1.7309
1.39 -1.7987
1.4 -1.8631
1.41 -1.9234
1.42 -1.9783
1.43 -2.0265
1.44 -2.0668
1.45 -2.0977
1.46 -2.118
1.47 -2.127
1.48 -2.1242
1.49 -2.1096
1.5 -2.0833
1.51 -2.046
1.52 -1.9982
1.53 -1.9403
1.54 -1.873
1.55 -1.7964
1.56 -1.711
1.57 -1.6169
1.58 -1.5145
1.59 -1.4047
1.6 -1.2885
1.61 -1.1677
1.62 -1.0445
1.63 -0.92133
1.64 -0.80109
1.65 -0.68662
1.66 -0.5807
1.67 -0.48586
1.68 -0.40426
1.69 -0.3375
1.7 -0.28644
1.71 -0.25086
1.72 -0.22929
1.73 -0.21899
1.74 -0.21642
1.75 -0.21791
1.76 -0.22026
1.77 -0.22112
1.78 -0.21909
1.79 -0.2137
1.8 -0.20536
1.81 -0.19529
1.82 -0.18523
1.83 -0.17709
1.84 -0.1725
1.85 -0.1726
1.86 -0.17781
1.87 -0.18783
1.88 -0.20171
1.89 -0.21792
1.9 -0.23451
1.91 -0.24938
1.92 -0.26062
1.93 -0.26687
1.94 -0.26753
1.95 -0.26282
1.96 -0.25369
1.97 -0.24166
1.98 -0.22862
1.99 -0.21674
2 -0.20838
2.01 -0.20592
2.02 -0.21154
2.03 -0.22697
2.04 -0.25333
2.05 -0.29102
2.06 -0.33967
2.07 -0.39835
2.08 -0.46568
2.09 -0.54013
2.1 -0.62016
2.11 -0.70434
2.12 -0.79139
2.13 -0.88026
2.14 -0.97009
2.15 -1.0601
2.16 -1.1495
2.17 -1.2377
2.18 -1.3241
2.19 -1.4084
2.2 -1.4903
2.21 -1.5698
2.22 -1.6467
2.23 -1.721
2.24 -1.7924
2.25 -1.8606
2.26 -1.925
2.27 -1.9846
2.28 -2.0384
2.29 -2.0849
2.3 -2.1228
2.31 -2.1505
2.32 -2.1671
2.33 -2.1718
2.34 -2.1644
2.35 -2.145
2.36 -2.1141
2.37 -2.0722
2.38 -2.0202
2.39 -1.9586
2.4 -1.8878
2.41 -1.8082
2.42 -1.72
2.43 -1.6237
2.44 -1.5197
2.45 -1.4092
2.46 -1.2936
2.47 -1.1747
2.48 -1.0545
2.49 -0.93524
2.5 -0.81892
2.51 -0.70747
2.52 -0.60268
2.53 -0.50623
2.54 -0.41977
2.55 -0.3448
2.56 -0.2826
2.57 -0.23401
2.58 -0.19928
2.59 -0.17777
2.6 -0.16778
2.61 -0.16655
2.62 -0.17058
2.63 -0.1763
2.64 -0.18063
2.65 -0.18142
2.66 -0.1778
2.67 -0.17021
2.68 -0.16023
2.69 -0.1501
2.7 -0.14231
2.71 -0.13904
2.72 -0.14169
2.73 -0.15062
2.74 -0.16506
2.75 -0.18333
2.76 -0.2032
2.77 -0.22226
2.78 -0.23828
2.79 -0.24951
2.8 -0.25492
2.81 -0.25437
2.82 -0.24851
2.83 -0.23862
2.84 -0.22633
2.85 -0.21351
2.86 -0.20211
2.87 -0.1942
2.88 -0.19183
2.89 -0.19681
2.9 -0.21056
2.91 -0.23395
2.92 -0.26725
2.93 -0.31012
2.94 -0.36172
2.95 -0.42085
2.96 -0.48613
2.97 -0.55615
2.98 -0.62962
2.99 -0.70544
3 -0.7827
3.01 -0.86073
3.02 -0.93904
3.03 -1.0173
3.04 -1.0951
3.05 -1.1723
3.06 -1.2489
3.07 -1.3245
3.08 -1.3991
3.09 -1.4725
3.1 -1.5445
3.11 -1.6148
3.12 -1.6834
3.13 -1.7499
3.14 -1.814
3.15 -1.8751
3.16 -1.9324
3.17 -1.9847
3.18 -2.0307
3.19 -2.0693
3.2 -2.0991
3.21 -2.1195
3.22 -2.13
3.23 -2.1304
3.24 -2.1207
3.25 -2.1012
3.26 -2.0723
3.27 -2.0346
3.28 -1.9884
3.29 -1.9341
3.3 -1.872
3.31 -1.8022
3.32 -1.7248
3.33 -1.6398
3.34 -1.5478
3.35 -1.4493
3.36 -1.3453
3.37 -1.237
3.38 -1.1259
3.39 -1.0136
3.4 -0.90158
3.41 -0.79156
3.42 -0.68516
3.43 -0.58404
3.44 -0.48991
3.45 -0.40458
3.46 -0.32989
3.47 -0.26758
3.48 -0.21906
3.49 -0.1851
3.5 -0.16553
3.51 -0.15886
3.52 -0.16222
3.53 -0.1718
3.54 -0.18357
3.55 -0.19403
3.56 -0.20061
3.57 -0.20201
3.58 -0.19832
3.59 -0.19084
3.6 -0.18171
3.61 -0.17325
3.62 -0.16759
3.63 -0.1664
3.64 -0.1707
3.65 -0.18058
3.66 -0.19501
3.67 -0.2119
3.68 -0.22852
3.69 -0.24214
3.7 -0.25059
3.71 -0.25263
3.72 -0.24809
3.73 -0.23782
3.74 -0.22339
3.75 -0.20678
3.76 -0.19005
3.77 -0.17517
3.78 -0.16395
3.79 -0.15806
3.8 -0.15902
3.81 -0.16806
3.82 -0.18601
3.83 -0.21317
3.84 -0.24948
3.85 -0.29462
3.86 -0.34827
3.87 -0.41009
3.88 -0.4797
3.89 -0.55663
3.9 -0.64025
3.91 -0.72972
3.92 -0.82392
3.93 -0.9214
3.94 -1.0205
3.95 -1.1193
3.96 -1.2162
3.97 -1.3099
3.98 -1.3996
3.99 -1.4849
4 -1.5657
4.01 -1.6421
4.02 -1.7144
4.03 -1.7828
4.04 -1.8472
4.05 -1.9074
4.06 -1.9629
4.07 -2.0129
4.08 -2.0563
4.09 -2.0919
4.1 -2.1183
4.11 -2.1345
4.12 -2.1399
4.13 -2.1341
4.14 -2.1173
4.15 -2.0898
4.16 -2.052
4.17 -2.0047
4.18 -1.9483
4.19 -1.8835
4.2 -1.8106
4.21 -1.7298
4.22 -1.6414
4.23 -1.5453
4.24 -1.442
4.25 -1.3321
4.26 -1.217
4.27 -1.0985
4.28 -0.97866
4.29 -0.86013
4.3 -0.74549
4.31 -0.6374
4.32 -0.5385
4.33 -0.45122
4.34 -0.37771
4.35 -0.31954
4.36 -0.27745
4.37 -0.25103
4.38 -0.23852
4.39 -0.23694
4.4 -0.24249
4.41 -0.25112
4.42 -0.25919
4.43 -0.26394
4.44 -0.26377
4.45 -0.25834
4.46 -0.2484
4.47 -0.23557
4.48 -0.22196
4.49 -0.20978
4.5 -0.20105
4.51 -0.19727
4.52 -0.19926
4.53 -0.20702
4.54 -0.21977
4.55 -0.23601
4.56 -0.25376
4.57 -0.27079
4.58 -0.28495
4.59 -0.29448
4.6 -0.29825
4.61 -0.29599
4.62 -0.28824
4.63 -0.27621
4.64 -0.26153
4.65 -0.24607
4.66 -0.23175
4.67 -0.22045
4.68 -0.21395
4.69 -0.21386
4.7 -0.22152
4.71 -0.23792
4.72 -0.26359
4.73 -0.29855
4.74 -0.3424
4.75 -0.39444
4.76 -0.45387
4.77 -0.51983
4.78 -0.59143
4.79 -0.66775
4.8 -0.74787
4.81 -0.83091
4.82 -0.91598
4.83 -1.0022
4.84 -1.0886
4.85 -1.1746
4.86 -1.2594
4.87 -1.3426
4.88 -1.4239
4.89 -1.5031
4.9 -1.58
4.91 -1.6543
4.92 -1.7258
4.93 -1.794
4.94 -1.8584
4.95 -1.918
4.96 -1.9722
4.97 -2.0195
4.98 -2.059
4.99 -2.0893
5 -2.1095
5.01 -2.119
5.02 -2.1176
5.03 -2.1056
5.04 -2.0833
5.05 -2.0513
5.06 -2.0102
5.07 -1.9607
5.08 -1.9031
5.09 -1.8376
5.1 -1.7644
5.11 -1.6835
5.12 -1.5951
5.13 -1.4994
5.14 -1.3971
5.15 -1.2891
5.16 -1.1768
5.17 -1.0619
5.18 -0.9466
5.19 -0.83293
5.2 -0.72324
5.21 -0.61988
5.22 -0.52517
5.23 -0.44132
5.24 -0.3702
5.25 -0.31322
5.26 -0.27114
5.27 -0.24378
5.28 -0.22973
5.29 -0.22623
5.3 -0.22953
5.31 -0.23551
5.32 -0.24054
5.33 -0.24208
5.34 -0.23884
5.35 -0.23088
5.36 -0.21934
5.37 -0.20624
5.38 -0.19404
5.39 -0.18514
5.4 -0.18137
5.41 -0.1837
5.42 -0.19209
5.43 -0.20553
5.44 -0.22232
5.45 -0.24039
5.46 -0.25763
5.47 -0.27212
5.48 -0.28233
5.49 -0.2873
5.5 -0.28676
5.51 -0.28108
5.52 -0.27114
5.53 -0.25802
5.54 -0.2428
5.55 -0.22646
5.56 -0.20992
5.57 -0.19402
5.58 -0.17946
5.59 -0.16674
5.6 -0.15618
5.61 -0.14786
5.62 -0.14169
5.63 -0.13745
5.64 -0.13485
5.65 -0.13355
5.66 -0.13322
5.67 -0.13365
5.68 -0.13472
5.69 -0.13642
5.7 -0.13876
5.71 -0.14171
5.72 -0.14516
5.73 -0.1489
5.74 -0.15267
5.75 -0.15623
5.76 -0.15937
5.77 -0.16197
5.78 -0.164
5.79 -0.16549
5.8 -0.16656
5.81 -0.16736
5.82 -0.16806
5.83 -0.16882
5.84 -0.16972
5.85 -0.17081
5.86 -0.17208
5.87 -0.17344
5.88 -0.17471
5.89 -0.17569
5.9 -0.17617
5.91 -0.17598
5.92 -0.17502
5.93 -0.17327
5.94 -0.1707
5.95 -0.16733
5.96 -0.16317
5.97 -0.15821
5.98 -0.15251
5.99 -0.14621
6 -0.13947
6.01 -0.13254
6.02 -0.12567
6.03 -0.11913
6.04 -0.11318
6.05 -0.10804
6.06 -0.10385
6.07 -0.10072
6.08 -0.09864
6.09 -0.097559
6.1 -0.09733
6.11 -0.09774
6.12 -0.098533
6.13 -0.099452
6.14 -0.10029
6.15 -0.10091
6.16 -0.10128
6.17 -0.10144
6.18 -0.10142
6.19 -0.10125
6.2 -0.10094
6.21 -0.10049
6.22 -0.099891
6.23 -0.099168
6.24 -0.098376
6.25 -0.09759
6.26 -0.096887
6.27 -0.096318
6.28 -0.095896
6.29 -0.095586
6.3 -0.095324
6.31 -0.095044
6.32 -0.0947
6.33 -0.094284
6.34 -0.093826
6.35 -0.093384
6.36 -0.09303
6.37 -0.092831
6.38 -0.09283
6.39 -0.093043
6.4 -0.093462
6.41 -0.094063
6.42 -0.094819
6.43 -0.095709
6.44 -0.096724
6.45 -0.097859
6.46 -0.099093
6.47 -0.10037
6.48 -0.10163
6.49 -0.10279
6.5 -0.10379
6.51 -0.10458
6.52 -0.10514
6.53 -0.1055
6.54 -0.10566
6.55 -0.10564
6.56 -0.10544
6.57 -0.10509
6.58 -0.10458
6.59 -0.10396
6.6 -0.10324
6.61 -0.10249
6.62 -0.10176
6.63 -0.10113
6.64 -0.10066
6.65 -0.1004
6.66 -0.10037
6.67 -0.10054
6.68 -0.10089
6.69 -0.10137
6.7 -0.10196
6.71 -0.10266
6.72 -0.10348
6.73 -0.1044
6.74 -0.10542
6.75 -0.10651
6.76 -0.10764
6.77 -0.10873
6.78 -0.10969
6.79 -0.11042
6.8 -0.11086
6.81 -0.11095
6.82 -0.11071
6.83 -0.11021
6.84 -0.10953
6.85 -0.10877
6.86 -0.10801
6.87 -0.1073
6.88 -0.10668
