0 -2.5285
0.01 -2.5544
0.02 -2.5813
0.03 -2.6093
0.04 -2.6388
0.05 -2.6697
0.06 -2.7021
0.07 -2.736
0.08 -2.7713
0.09 -2.8078
0.1 -2.8452
0.11 -2.8832
0.12 -2.9215
0.13 -2.9598
0.14 -2.9977
0.15 -3.035
0.16 -3.0713
0.17 -3.1063
0.18 -3.1397
0.19 -3.1712
0.2 -3.2005
0.21 -3.2272
0.22 -3.2511
0.23 -3.272
0.24 -3.2896
0.25 -3.3038
0.26 -3.3146
0.27 -3.322
0.28 -3.3261
0.29 -3.3273
0.3 -3.3261
0.31 -3.3231
0.32 -3.3191
0.33 -3.3145
0.34 -3.3101
0.35 -3.3063
0.36 -3.3033
0.37 -3.3013
0.38 -3.3005
0.39 -3.3008
0.4 -3.3022
0.41 -3.3045
0.42 -3.3077
0.43 -3.3115
0.44 -3.3157
0.45 -3.3201
0.46 -3.3246
0.47 -3.3291
0.48 -3.3333
0.49 -3.3371
0.5 -3.3403
0.51 -3.3427
0.52 -3.3443
0.53 -3.3449
0.54 -3.3444
0.55 -3.3428
0.56 -3.3401
0.57 -3.3365
0.58 -3.3322
0.59 -3.3274
0.6 -3.3224
0.61 -3.3171
0.62 -3.3118
0.63 -3.3064
0.64 -3.3009
0.65 -3.2954
0.66 -3.2897
0.67 -3.2838
0.68 -3.2776
0.69 -3.2711
0.7 -3.2643
0.71 -3.2573
0.72 -3.2501
0.73 -3.2429
0.74 -3.2358
0.75 -3.2291
0.76 -3.2229
0.77 -3.2175
0.78 -3.213
0.79 -3.2096
0.8 -3.2074
0.81 -3.2066
0.82 -3.2073
0.83 -3.2094
0.84 -3.213
0.85 -3.2181
0.86 -3.2246
0.87 -3.2324
0.88 -3.2411
0.89 -3.2504
0.9 -3.2601
0.91 -3.2697
0.92 -3.2789
0.93 -3.2873
0.94 -3.2947
0.95 -3.3008
0.96 -3.3054
0.97 -3.3085
0.98 -3.31
0.99 -3.3102
1 -3.3091
1.01 -3.307
1.02 -3.3039
1.03 -3.3001
1.04 -3.2958
1.05 -3.2911
1.06 -3.2862
1.07 -3.2813
1.08 -3.2765
1.09 -3.2717
1.1 -3.2671
1.11 -3.2626
1.12 -3.2582
1.13 -3.2537
1.14 -3.2492
1.15 -3.2446
1.16 -3.2398
1.17 -3.2347
1.18 -3.2295
1.19 -3.224
1.2 -3.2185
1.21 -3.2132
1.22 -3.2082
1.23 -3.2036
1.24 -3.1998
1.25 -3.1969
1.26 -3.1952
1.27 -3.1948
1.28 -3.1958
1.29 -3.1982
1.3 -3.2022
1.31 -3.2075
1.32 -3.214
1.33 -3.2215
1.34 -3.2296
1.35 -3.238
1.36 -3.2464
1.37 -3.2543
1.38 -3.2615
1.39 -3.2678
1.4 -3.2731
1.41 -3.2773
1.42 -3.2804
1.43 -3.2825
1.44 -3.2835
1.45 -3.2834
1.46 -3.2822
1.47 -3.2797
1.48 -3.2761
1.49 -3.2714
1.5 -3.2656
1.51 -3.2591
1.52 -3.2519
1.53 -3.2443
1.54 -3.2364
1.55 -3.2284
1.56 -3.2205
1.57 -3.2127
1.58 -3.205
1.59 -3.1975
1.6 -3.1902
1.61 -3.1832
1.62 -3.1764
1.63 -3.1701
1.64 -3.1641
1.65 -3.1588
1.66 -3.1541
1.67 -3.1501
1.68 -3.147
1.69 -3.1448
1.7 -3.1438
1.71 -3.1441
1.72 -3.1457
1.73 -3.1489
1.74 -3.1538
1.75 -3.1601
1.76 -3.1678
1.77 -3.1766
1.78 -3.1863
1.79 -3.1965
1.8 -3.2068
1.81 -3.217
1.82 -3.2267
1.83 -3.2354
1.84 -3.243
1.85 -3.2493
1.86 -3.2541
1.87 -3.2573
1.88 -3.2591
1.89 -3.2594
1.9 -3.2584
1.91 -3.2564
1.92 -3.2534
1.93 -3.2499
1.94 -3.2459
1.95 -3.2418
1.96 -3.2377
1.97 -3.2337
1.98 -3.2297
1.99 -3.2259
2 -3.2222
2.01 -3.2184
2.02 -3.2146
2.03 -3.2108
2.04 -3.2067
2.05 -3.2025
2.06 -3.198
2.07 -3.1934
2.08 -3.1886
2.09 -3.1839
2.1 -3.1794
2.11 -3.1755
2.12 -3.1723
2.13 -3.1702
2.14 -3.1693
2.15 -3.1697
2.16 -3.1717
2.17 -3.1751
2.18 -3.1801
2.19 -3.1866
2.2 -3.1943
2.21 -3.2029
2.22 -3.212
2.23 -3.2212
2.24 -3.2301
2.25 -3.2384
2.26 -3.2456
2.27 -3.2517
2.28 -3.2566
2.29 -3.2601
2.3 -3.2622
2.31 -3.2628
2.32 -3.2619
2.33 -3.2596
2.34 -3.2559
2.35 -3.2511
2.36 -3.2453
2.37 -3.2388
2.38 -3.2318
2.39 -3.2245
2.4 -3.2172
2.41 -3.2099
2.42 -3.2028
2.43 -3.1959
2.44 -3.1894
2.45 -3.1831
2.46 -3.177
2.47 -3.1713
2.48 -3.1658
2.49 -3.1608
2.5 -3.1563
2.51 -3.1525
2.52 -3.1495
2.53 -3.1474
2.54 -3.1462
2.55 -3.146
2.56 -3.1469
2.57 -3.149
2.58 -3.1523
2.59 -3.1569
2.6 -3.163
2.61 -3.1705
2.62 -3.1795
2.63 -3.1897
2.64 -3.201
2.65 -3.213
2.66 -3.2255
2.67 -3.2378
2.68 -3.2497
2.69 -3.2607
2.7 -3.2704
2.71 -3.2784
2.72 -3.2845
2.73 -3.2886
2.74 -3.2906
2.75 -3.2905
2.76 -3.2885
2.77 -3.2847
2.78 -3.2794
2.79 -3.2728
2.8 -3.2653
2.81 -3.2571
2.82 -3.2485
2.83 -3.2396
2.84 -3.2306
2.85 -3.2215
2.86 -3.2125
2.87 -3.2035
2.88 -3.1946
2.89 -3.1858
2.9 -3.1772
2.91 -3.1688
2.92 -3.1606
2.93 -3.1528
2.94 -3.1456
2.95 -3.139
2.96 -3.1333
2.97 -3.1288
2.98 -3.1257
2.99 -3.1243
3 -3.1245
3.01 -3.1266
3.02 -3.1306
3.03 -3.1365
3.04 -3.1443
3.05 -3.1539
3.06 -3.1651
3.07 -3.1777
3.08 -3.1914
3.09 -3.2059
3.1 -3.2208
3.11 -3.2356
3.12 -3.25
3.13 -3.2637
3.14 -3.2762
3.15 -3.2873
3.16 -3.2968
3.17 -3.3045
3.18 -3.3101
3.19 -3.3136
3.2 -3.3147
3.21 -3.3136
3.22 -3.3104
3.23 -3.3052
3.24 -3.2985
3.25 -3.2905
3.26 -3.2816
3.27 -3.2722
3.28 -3.2625
3.29 -3.2528
3.3 -3.2433
3.31 -3.2341
3.32 -3.2253
3.33 -3.2168
3.34 -3.2085
3.35 -3.2005
3.36 -3.1928
3.37 -3.1853
3.38 -3.1781
3.39 -3.1712
3.4 -3.1648
3.41 -3.159
3.42 -3.1539
3.43 -3.1498
3.44 -3.1467
3.45 -3.145
3.46 -3.1446
3.47 -3.1457
3.48 -3.1485
3.49 -3.153
3.5 -3.1593
3.51 -3.1673
3.52 -3.1769
3.53 -3.1881
3.54 -3.2005
3.55 -3.2139
3.56 -3.228
3.57 -3.2422
3.58 -3.2561
3.59 -3.2692
3.6 -3.2813
3.61 -3.2919
3.62 -3.3008
3.63 -3.3078
3.64 -3.3129
3.65 -3.3158
3.66 -3.3165
3.67 -3.3151
3.68 -3.3117
3.69 -3.3065
3.7 -3.2999
3.71 -3.2924
3.72 -3.2846
3.73 -3.2766
3.74 -3.269
3.75 -3.2617
3.76 -3.2549
3.77 -3.2485
3.78 -3.2427
3.79 -3.2374
3.8 -3.2325
3.81 -3.2279
3.82 -3.2236
3.83 -3.2195
3.84 -3.2156
3.85 -3.212
3.86 -3.2086
3.87 -3.2054
3.88 -3.2026
3.89 -3.2003
3.9 -3.1986
3.91 -3.1977
3.92 -3.1978
3.93 -3.1992
3.94 -3.2018
3.95 -3.206
3.96 -3.2117
3.97 -3.2189
3.98 -3.2276
3.99 -3.2376
4 -3.2485
4.01 -3.26
4.02 -3.2716
4.03 -3.283
4.04 -3.2937
4.05 -3.3035
4.06 -3.312
4.07 -3.3191
4.08 -3.3248
4.09 -3.3288
4.1 -3.3313
4.11 -3.3323
4.12 -3.3319
4.13 -3.3304
4.14 -3.328
4.15 -3.3249
4.16 -3.3213
4.17 -3.3173
4.18 -3.313
4.19 -3.3084
4.2 -3.3034
4.21 -3.2979
4.22 -3.2921
4.23 -3.2859
4.24 -3.2794
4.25 -3.2729
4.26 -3.2667
4.27 -3.2609
4.28 -3.2557
4.29 -3.2513
4.3 -3.2474
4.31 -3.2443
4.32 -3.2419
4.33 -3.2402
4.34 -3.2394
4.35 -3.2396
4.36 -3.2409
4.37 -3.2435
4.38 -3.2476
4.39 -3.2533
4.4 -3.2607
4.41 -3.2695
4.42 -3.2796
4.43 -3.2906
4.44 -3.3023
4.45 -3.3142
4.46 -3.3258
4.47 -3.3367
4.48 -3.3467
4.49 -3.3553
4.5 -3.3623
4.51 -3.3678
4.52 -3.3716
4.53 -3.3739
4.54 -3.3748
4.55 -3.3743
4.56 -3.3726
4.57 -3.3697
4.58 -3.3658
4.59 -3.3612
4.6 -3.3558
4.61 -3.35
4.62 -3.3439
4.63 -3.3375
4.64 -3.331
4.65 -3.3244
4.66 -3.3178
4.67 -3.3112
4.68 -3.3047
4.69 -3.2983
4.7 -3.2922
4.71 -3.2862
4.72 -3.2805
4.73 -3.275
4.74 -3.2697
4.75 -3.2647
4.76 -3.26
4.77 -3.2557
4.78 -3.252
4.79 -3.2491
4.8 -3.247
4.81 -3.2461
4.82 -3.2463
4.83 -3.2479
4.84 -3.2509
4.85 -3.2554
4.86 -3.2613
4.87 -3.2684
4.88 -3.2767
4.89 -3.2858
4.9 -3.2954
4.91 -3.3051
4.92 -3.3146
4.93 -3.3235
4.94 -3.3316
4.95 -3.3385
4.96 -3.3442
4.97 -3.3485
4.98 -3.3515
4.99 -3.353
5 -3.3529
5.01 -3.3514
5.02 -3.3485
5.03 -3.3444
5.04 -3.3393
5.05 -3.3331
5.06 -3.3263
5.07 -3.3188
5.08 -3.3109
5.09 -3.3028
5.1 -3.2945
5.11 -3.2862
5.12 -3.2779
5.13 -3.2697
5.14 -3.2617
5.15 -3.254
5.16 -3.2467
5.17 -3.2398
5.18 -3.2336
5.19 -3.228
5.2 -3.2233
5.21 -3.2194
5.22 -3.2165
5.23 -3.2146
5.24 -3.2137
5.25 -3.2137
5.26 -3.2148
5.27 -3.2169
5.28 -3.2202
5.29 -3.2245
5.3 -3.2301
5.31 -3.2367
5.32 -3.2444
5.33 -3.2528
5.34 -3.2619
5.35 -3.2714
5.36 -3.2808
5.37 -3.29
5.38 -3.2985
5.39 -3.3062
5.4 -3.3127
5.41 -3.318
5.42 -3.3219
5.43 -3.3247
5.44 -3.3262
5.45 -3.3267
5.46 -3.3262
5.47 -3.3249
5.48 -3.3227
5.49 -3.3198
5.5 -3.3164
5.51 -3.3125
5.52 -3.3084
5.53 -3.3041
5.54 -3.2998
5.55 -3.2956
5.56 -3.2916
5.57 -3.288
5.58 -3.2849
5.59 -3.2824
5.6 -3.2804
5.61 -3.2789
5.62 -3.2779
5.63 -3.2772
5.64 -3.2768
5.65 -3.2765
5.66 -3.2764
5.67 -3.2763
5.68 -3.2762
5.69 -3.2761
5.7 -3.276
5.71 -3.276
5.72 -3.2761
5.73 -3.2763
5.74 -3.2764
5.75 -3.2765
5.76 -3.2765
5.77 -3.2762
5.78 -3.2756
5.79 -3.2747
5.8 -3.2734
5.81 -3.2716
5.82 -3.2695
5.83 -3.2668
5.84 -3.2638
5.85 -3.2603
5.86 -3.2565
5.87 -3.2523
5.88 -3.2479
5.89 -3.2434
5.9 -3.239
5.91 -3.2346
5.92 -3.2304
5.93 -3.2265
5.94 -3.223
5.95 -3.2197
5.96 -3.2169
5.97 -3.2143
5.98 -3.212
5.99 -3.21
6 -3.2083
6.01 -3.2068
6.02 -3.2054
6.03 -3.2042
6.04 -3.2032
6.05 -3.2024
6.06 -3.2017
6.07 -3.2012
6.08 -3.201
6.09 -3.2009
6.1 -3.2011
6.11 -3.2016
6.12 -3.2022
6.13 -3.2031
6.14 -3.2041
6.15 -3.2054
6.16 -3.2068
6.17 -3.2084
6.18 -3.2101
6.19 -3.212
6.2 -3.2141
6.21 -3.2164
6.22 -3.2189
6.23 -3.2213
6.24 -3.2239
6.25 -3.2263
6.26 -3.2287
6.27 -3.2311
6.28 -3.2333
6.29 -3.2354
6.3 -3.2374
6.31 -3.2394
6.32 -3.2412
6.33 -3.243
6.34 -3.2447
6.35 -3.2464
6.36 -3.248
6.37 -3.2495
6.38 -3.251
6.39 -3.2524
6.4 -3.2536
6.41 -3.2548
6.42 -3.256
6.43 -3.257
6.44 -3.2578
6.45 -3.2586
6.46 -3.2592
6.47 -3.2596
6.48 -3.2599
6.49 -3.2601
6.5 -3.2602
6.51 -3.2603
6.52 -3.2603
6.53 -3.2603
6.54 -3.2603
6.55 -3.2602
6.56 -3.2602
6.57 -3.2601
6.58 -3.26
6.59 -3.2599
6.6 -3.2597
6.61 -3.2595
6.62 -3.2591
6.63 -3.2587
6.64 -3.2582
6.65 -3.2576
6.66 -3.2568
6.67 -3.2559
6.68 -3.2547
6.69 -3.2532
6.7 -3.2514
6.71 -3.2493
6.72 -3.2468
6.73 -3.2441
6.74 -3.2414
6.75 -3.2387
6.76 -3.2361
6.77 -3.2337
6.78 -3.2315
6.79 -3.2296
6.8 -3.2279
6.81 -3.2265
6.82 -3.2252
6.83 -3.2241
6.84 -3.2229
6.85 -3.2216
6.86 -3.2202
6.87 -3.2188
6.88 -3.2173
