0 1.0901
0.01 1.1266
0.02 1.1652
0.03 1.2017
0.04 1.2324
0.05 1.2543
0.06 1.2664
0.07 1.2686
0.08 1.2622
0.09 1.2493
0.1 1.2322
0.11 1.2134
0.12 1.1951
0.13 1.1793
0.14 1.1669
0.15 1.1585
0.16 1.1541
0.17 1.1533
0.18 1.1551
0.19 1.159
0.2 1.1639
0.21 1.1694
0.22 1.1749
0.23 1.18
0.24 1.1845
0.25 1.1882
0.26 1.1912
0.27 1.1934
0.28 1.1944
0.29 1.1941
0.3 1.1923
0.31 1.1887
0.32 1.1833
0.33 1.1758
0.34 1.1663
0.35 1.1549
0.36 1.1421
0.37 1.1283
0.38 1.1143
0.39 1.1006
0.4 1.088
0.41 1.0766
0.42 1.0667
0.43 1.0584
0.44 1.0517
0.45 1.0464
0.46 1.0426
0.47 1.0402
0.48 1.0393
0.49 1.0397
0.5 1.0411
0.51 1.0436
0.52 1.0471
0.53 1.0517
0.54 1.0575
0.55 1.0644
0.56 1.0727
0.57 1.0821
0.58 1.0927
0.59 1.1043
0.6 1.1167
0.61 1.1296
0.62 1.1426
0.63 1.1552
0.64 1.1661
0.65 1.1737
0.66 1.1762
0.67 1.1713
0.68 1.1567
0.69 1.1305
0.7 1.0916
0.71 1.0402
0.72 0.97823
0.73 0.9099
0.74 0.84053
0.75 0.77542
0.76 0.71854
0.77 0.67189
0.78 0.63571
0.79 0.60909
0.8 0.5904
0.81 0.57769
0.82 0.56922
0.83 0.56382
0.84 0.56092
0.85 0.56018
0.86 0.56121
0.87 0.56348
0.88 0.5666
0.89 0.5703
0.9 0.57445
0.91 0.57902
0.92 0.58418
0.93 0.59026
0.94 0.59771
0.95 0.60715
0.96 0.61927
0.97 0.63489
0.98 0.65492
0.99 0.68048
1 0.71275
1.01 0.75263
1.02 0.80005
1.03 0.8531
1.04 0.90749
1.05 0.95677
1.06 0.99339
1.07 1.0116
1.08 1.01
1.09 0.99193
1.1 0.96342
1.11 0.93091
1.12 0.89938
1.13 0.87161
1.14 0.84869
1.15 0.83118
1.16 0.82012
1.17 0.81717
1.18 0.82417
1.19 0.84218
1.2 0.8708
1.21 0.90798
1.22 0.95096
1.23 0.99717
1.24 1.0444
1.25 1.0901
1.26 1.1314
1.27 1.1658
1.28 1.1924
1.29 1.2115
1.3 1.224
1.31 1.2305
1.32 1.2315
1.33 1.2277
1.34 1.2198
1.35 1.2083
1.36 1.1938
1.37 1.1768
1.38 1.158
1.39 1.1383
1.4 1.1186
1.41 1.0998
1.42 1.0831
1.43 1.0691
1.44 1.0584
1.45 1.0516
1.46 1.0488
1.47 1.05
1.48 1.055
1.49 1.0635
1.5 1.0747
1.51 1.088
1.52 1.1023
1.53 1.1164
1.54 1.1289
1.55 1.1379
1.56 1.1415
1.57 1.1373
1.58 1.123
1.59 1.0968
1.6 1.0574
1.61 1.0055
1.62 0.94317
1.63 0.87447
1.64 0.80419
1.65 0.73701
1.66 0.6766
1.67 0.6253
1.68 0.58416
1.69 0.55305
1.7 0.53099
1.71 0.51656
1.72 0.50815
1.73 0.5041
1.74 0.50285
1.75 0.50322
1.76 0.50456
1.77 0.50688
1.78 0.51079
1.79 0.51718
1.8 0.52675
1.81 0.53966
1.82 0.55536
1.83 0.57258
1.84 0.58956
1.85 0.6042
1.86 0.61432
1.87 0.61801
1.88 0.61404
1.89 0.60299
1.9 0.5888
1.91 0.57844
1.92 0.57802
1.93 0.58898
1.94 0.60799
1.95 0.63001
1.96 0.65112
1.97 0.66925
1.98 0.68374
1.99 0.69492
2 0.70384
2.01 0.71194
2.02 0.72055
2.03 0.73063
2.04 0.74295
2.05 0.75831
2.06 0.77776
2.07 0.80237
2.08 0.83275
2.09 0.86847
2.1 0.90797
2.11 0.9493
2.12 0.99091
2.13 1.0317
2.14 1.0702
2.15 1.105
2.16 1.1343
2.17 1.1573
2.18 1.1737
2.19 1.1834
2.2 1.1866
2.21 1.1837
2.22 1.1755
2.23 1.1632
2.24 1.1484
2.25 1.1325
2.26 1.1167
2.27 1.1021
2.28 1.0896
2.29 1.0797
2.3 1.0728
2.31 1.0693
2.32 1.0694
2.33 1.0733
2.34 1.0809
2.35 1.0918
2.36 1.1054
2.37 1.1207
2.38 1.1363
2.39 1.1511
2.4 1.1634
2.41 1.1715
2.42 1.1739
2.43 1.1688
2.44 1.1548
2.45 1.1309
2.46 1.0969
2.47 1.0533
2.48 1.0017
2.49 0.94461
2.5 0.88488
2.51 0.82529
2.52 0.76823
2.53 0.71544
2.54 0.6681
2.55 0.62697
2.56 0.59237
2.57 0.56415
2.58 0.54165
2.59 0.52404
2.6 0.5105
2.61 0.50049
2.62 0.49384
2.63 0.49063
2.64 0.49116
2.65 0.49582
2.66 0.50491
2.67 0.51851
2.68 0.53616
2.69 0.55678
2.7 0.57886
2.71 0.60073
2.72 0.62077
2.73 0.63754
2.74 0.64976
2.75 0.65643
2.76 0.65723
2.77 0.65293
2.78 0.64557
2.79 0.63809
2.8 0.63344
2.81 0.63352
2.82 0.63881
2.83 0.64844
2.84 0.66052
2.85 0.67238
2.86 0.68147
2.87 0.68633
2.88 0.68729
2.89 0.68651
2.9 0.68742
2.91 0.69371
2.92 0.70824
2.93 0.73258
2.94 0.76625
2.95 0.80622
2.96 0.84787
2.97 0.88704
2.98 0.9215
2.99 0.95115
3 0.97742
3.01 1.0025
3.02 1.0283
3.03 1.0558
3.04 1.0842
3.05 1.1118
3.06 1.1365
3.07 1.1568
3.08 1.1721
3.09 1.1823
3.1 1.188
3.11 1.1902
3.12 1.1896
3.13 1.1871
3.14 1.1831
3.15 1.1782
3.16 1.1728
3.17 1.1671
3.18 1.1616
3.19 1.1566
3.2 1.1526
3.21 1.1501
3.22 1.1495
3.23 1.1511
3.24 1.1548
3.25 1.1603
3.26 1.1668
3.27 1.1732
3.28 1.178
3.29 1.1796
3.3 1.176
3.31 1.1652
3.32 1.1453
3.33 1.1145
3.34 1.072
3.35 1.0183
3.36 0.95507
3.37 0.8858
3.38 0.81474
3.39 0.74602
3.4 0.68276
3.41 0.62678
3.42 0.57869
3.43 0.5384
3.44 0.50549
3.45 0.47948
3.46 0.46004
3.47 0.44712
3.48 0.44075
3.49 0.4406
3.5 0.44562
3.51 0.454
3.52 0.46357
3.53 0.4722
3.54 0.47825
3.55 0.4807
3.56 0.47919
3.57 0.47369
3.58 0.46431
3.59 0.45168
3.6 0.43732
3.61 0.42319
3.62 0.41102
3.63 0.40203
3.64 0.39675
3.65 0.39521
3.66 0.39723
3.67 0.4028
3.68 0.41224
3.69 0.42604
3.7 0.44462
3.71 0.46813
3.72 0.49626
3.73 0.52836
3.74 0.56351
3.75 0.60073
3.76 0.63894
3.77 0.67672
3.78 0.71219
3.79 0.74375
3.8 0.77121
3.81 0.79565
3.82 0.81787
3.83 0.83746
3.84 0.85322
3.85 0.86405
3.86 0.86999
3.87 0.87253
3.88 0.87426
3.89 0.87801
3.9 0.88628
3.91 0.90104
3.92 0.92361
3.93 0.95466
3.94 0.99374
3.95 1.0388
3.96 1.0865
3.97 1.1328
3.98 1.1744
3.99 1.2092
4 1.2357
4.01 1.2531
4.02 1.2616
4.03 1.262
4.04 1.2559
4.05 1.2449
4.06 1.2311
4.07 1.216
4.08 1.2013
4.09 1.1881
4.1 1.1777
4.11 1.1712
4.12 1.1693
4.13 1.1725
4.14 1.1807
4.15 1.1932
4.16 1.2087
4.17 1.2256
4.18 1.2416
4.19 1.2537
4.2 1.2586
4.21 1.2525
4.22 1.232
4.23 1.1942
4.24 1.1384
4.25 1.0666
4.26 0.98413
4.27 0.89904
4.28 0.81934
4.29 0.75072
4.3 0.69567
4.31 0.65423
4.32 0.62492
4.33 0.60546
4.34 0.59339
4.35 0.58657
4.36 0.58327
4.37 0.5821
4.38 0.5819
4.39 0.58166
4.4 0.5807
4.41 0.57885
4.42 0.57641
4.43 0.57405
4.44 0.57269
4.45 0.57325
4.46 0.57648
4.47 0.58288
4.48 0.59277
4.49 0.6061
4.5 0.62228
4.51 0.63984
4.52 0.65606
4.53 0.66669
4.54 0.66632
4.55 0.65059
4.56 0.61954
4.57 0.57957
4.58 0.54132
4.59 0.51491
4.6 0.50604
4.61 0.51469
4.62 0.53623
4.63 0.56452
4.64 0.59487
4.65 0.62486
4.66 0.65373
4.67 0.68141
4.68 0.7079
4.69 0.73299
4.7 0.75635
4.71 0.77772
4.72 0.79721
4.73 0.81551
4.74 0.83413
4.75 0.8553
4.76 0.88127
4.77 0.91353
4.78 0.95221
4.79 0.99606
4.8 1.0428
4.81 1.0897
4.82 1.1336
4.83 1.1715
4.84 1.2015
4.85 1.223
4.86 1.2367
4.87 1.2434
4.88 1.2439
4.89 1.239
4.9 1.2298
4.91 1.2172
4.92 1.2023
4.93 1.1859
4.94 1.1687
4.95 1.1517
4.96 1.1357
4.97 1.1214
4.98 1.1098
4.99 1.1012
5 1.0961
5.01 1.0948
5.02 1.0973
5.03 1.1038
5.04 1.1136
5.05 1.1264
5.06 1.141
5.07 1.1564
5.08 1.1712
5.09 1.1837
5.1 1.1922
5.11 1.1947
5.12 1.1891
5.13 1.1732
5.14 1.1452
5.15 1.1043
5.16 1.0511
5.17 0.98823
5.18 0.92019
5.19 0.85239
5.2 0.7898
5.21 0.73567
5.22 0.69098
5.23 0.65497
5.24 0.62595
5.25 0.60193
5.26 0.58106
5.27 0.56212
5.28 0.54465
5.29 0.52875
5.3 0.51479
5.31 0.50315
5.32 0.49406
5.33 0.48771
5.34 0.48433
5.35 0.48424
5.36 0.4878
5.37 0.4952
5.38 0.50632
5.39 0.52062
5.4 0.53719
5.41 0.55475
5.42 0.57161
5.43 0.58604
5.44 0.59692
5.45 0.60438
5.46 0.60951
5.47 0.61349
5.48 0.61677
5.49 0.61891
5.5 0.61898
5.51 0.6163
5.52 0.6112
5.53 0.60499
5.54 0.59949
5.55 0.59634
5.56 0.59687
5.57 0.60199
5.58 0.6121
5.59 0.62699
5.6 0.64599
5.61 0.66806
5.62 0.69201
5.63 0.71666
5.64 0.74099
5.65 0.76429
5.66 0.78617
5.67 0.80651
5.68 0.82535
5.69 0.84284
5.7 0.85935
5.71 0.87548
5.72 0.89207
5.73 0.91023
5.74 0.9312
5.75 0.95591
5.76 0.98463
5.77 1.0166
5.78 1.0499
5.79 1.082
5.8 1.1102
5.81 1.1328
5.82 1.1489
5.83 1.1589
5.84 1.1638
5.85 1.165
5.86 1.1641
5.87 1.1621
5.88 1.1598
5.89 1.1578
5.9 1.1563
5.91 1.1558
5.92 1.1561
5.93 1.1571
5.94 1.1585
5.95 1.1599
5.96 1.1611
5.97 1.1619
5.98 1.1622
5.99 1.1622
6 1.1622
6.01 1.1621
6.02 1.162
6.03 1.1617
6.04 1.1614
6.05 1.1611
6.06 1.1608
6.07 1.1607
6.08 1.1607
6.09 1.161
6.1 1.1613
6.11 1.1616
6.12 1.1617
6.13 1.1616
6.14 1.1614
6.15 1.1611
6.16 1.1612
6.17 1.1615
6.18 1.1623
6.19 1.1632
6.2 1.1639
6.21 1.1642
6.22 1.1643
6.23 1.1643
6.24 1.1646
6.25 1.1655
6.26 1.167
6.27 1.1689
6.28 1.1711
6.29 1.1732
6.3 1.1752
6.31 1.1769
6.32 1.1786
6.33 1.1803
6.34 1.1822
6.35 1.1842
6.36 1.186
6.37 1.1876
6.38 1.1886
6.39 1.1889
6.4 1.1884
6.41 1.1873
6.42 1.1856
6.43 1.1835
6.44 1.1812
6.45 1.1788
6.46 1.1766
6.47 1.1745
6.48 1.1727
6.49 1.1712
6.5 1.17
6.51 1.1692
6.52 1.1686
6.53 1.1684
6.54 1.1684
6.55 1.1686
6.56 1.1691
6.57 1.1697
6.58 1.1703
6.59 1.1707
6.6 1.1708
6.61 1.1704
6.62 1.1695
6.63 1.168
6.64 1.1661
6.65 1.1638
6.66 1.1615
6.67 1.1594
6.68 1.1576
6.69 1.1563
6.7 1.1554
6.71 1.1549
6.72 1.1547
6.73 1.1548
6.74 1.155
6.75 1.1553
6.76 1.1557
6.77 1.156
6.78 1.1562
6.79 1.1562
6.8 1.156
6.81 1.1555
6.82 1.1546
6.83 1.1533
6.84 1.1517
6.85 1.1498
6.86 1.1478
6.87 1.1458
6.88 1.1438
