0 1.3989
0.01 1.3976
0.02 1.3961
0.03 1.3945
0.04 1.3928
0.05 1.391
0.06 1.3891
0.07 1.3873
0.08 1.3856
0.09 1.3841
0.1 1.3829
0.11 1.3821
0.12 1.3816
0.13 1.3815
0.14 1.3817
0.15 1.3822
0.16 1.3829
0.17 1.384
0.18 1.3855
0.19 1.3876
0.2 1.3902
0.21 1.3934
0.22 1.3973
0.23 1.4017
0.24 1.4067
0.25 1.4122
0.26 1.4181
0.27 1.4243
0.28 1.4307
0.29 1.4372
0.3 1.4435
0.31 1.4495
0.32 1.4552
0.33 1.4603
0.34 1.4647
0.35 1.4683
0.36 1.4711
0.37 1.473
0.38 1.4741
0.39 1.4744
0.4 1.4738
0.41 1.4726
0.42 1.4709
0.43 1.4687
0.44 1.4662
0.45 1.4636
0.46 1.4609
0.47 1.4581
0.48 1.4554
0.49 1.4527
0.5 1.4503
0.51 1.4481
0.52 1.4463
0.53 1.445
0.54 1.4441
0.55 1.4438
0.56 1.4439
0.57 1.4443
0.58 1.4449
0.59 1.4455
0.6 1.4459
0.61 1.4461
0.62 1.4461
0.63 1.4459
0.64 1.4458
0.65 1.4457
0.66 1.446
0.67 1.4467
0.68 1.448
0.69 1.45
0.7 1.4529
0.71 1.4566
0.72 1.4611
0.73 1.4665
0.74 1.4725
0.75 1.4791
0.76 1.486
0.77 1.4931
0.78 1.5001
0.79 1.5069
0.8 1.5132
0.81 1.5188
0.82 1.5236
0.83 1.5275
0.84 1.5302
0.85 1.5316
0.86 1.5316
0.87 1.5303
0.88 1.5279
0.89 1.5245
0.9 1.5205
0.91 1.5161
0.92 1.5117
0.93 1.5076
0.94 1.5041
0.95 1.5015
0.96 1.4999
0.97 1.4994
0.98 1.5
0.99 1.5015
1 1.5035
1.01 1.506
1.02 1.5085
1.03 1.5109
1.04 1.5128
1.05 1.5142
1.06 1.5149
1.07 1.5148
1.08 1.514
1.09 1.5124
1.1 1.5102
1.11 1.5077
1.12 1.5049
1.13 1.5021
1.14 1.4995
1.15 1.4974
1.16 1.4958
1.17 1.495
1.18 1.495
1.19 1.4959
1.2 1.4977
1.21 1.5001
1.22 1.5032
1.23 1.5067
1.24 1.5105
1.25 1.5143
1.26 1.5178
1.27 1.5208
1.28 1.5229
1.29 1.524
1.3 1.5238
1.31 1.5223
1.32 1.5196
1.33 1.5156
1.34 1.5108
1.35 1.5055
1.36 1.5
1.37 1.4947
1.38 1.4899
1.39 1.486
1.4 1.483
1.41 1.4809
1.42 1.4798
1.43 1.4794
1.44 1.4796
1.45 1.4803
1.46 1.4813
1.47 1.4826
1.48 1.4841
1.49 1.4856
1.5 1.4871
1.51 1.4886
1.52 1.4899
1.53 1.491
1.54 1.4921
1.55 1.493
1.56 1.4939
1.57 1.4949
1.58 1.4961
1.59 1.4977
1.6 1.4996
1.61 1.5021
1.62 1.5051
1.63 1.5086
1.64 1.5127
1.65 1.5172
1.66 1.5222
1.67 1.5275
1.68 1.533
1.69 1.5386
1.7 1.5438
1.71 1.5486
1.72 1.5525
1.73 1.5552
1.74 1.5565
1.75 1.5564
1.76 1.5549
1.77 1.5522
1.78 1.5485
1.79 1.5441
1.8 1.5393
1.81 1.5343
1.82 1.5295
1.83 1.5252
1.84 1.5215
1.85 1.5187
1.86 1.5167
1.87 1.5155
1.88 1.5149
1.89 1.5148
1.9 1.5149
1.91 1.5149
1.92 1.5144
1.93 1.5132
1.94 1.5112
1.95 1.5084
1.96 1.5047
1.97 1.5002
1.98 1.4952
1.99 1.4899
2 1.4847
2.01 1.4797
2.02 1.4754
2.03 1.4719
2.04 1.4695
2.05 1.4684
2.06 1.4687
2.07 1.4703
2.08 1.4732
2.09 1.4773
2.1 1.4824
2.11 1.488
2.12 1.494
2.13 1.5
2.14 1.5055
2.15 1.5102
2.16 1.5138
2.17 1.516
2.18 1.5166
2.19 1.5156
2.2 1.513
2.21 1.5093
2.22 1.5048
2.23 1.4997
2.24 1.4947
2.25 1.4899
2.26 1.4857
2.27 1.4822
2.28 1.4794
2.29 1.4773
2.3 1.476
2.31 1.4752
2.32 1.475
2.33 1.4753
2.34 1.4757
2.35 1.4763
2.36 1.4766
2.37 1.4767
2.38 1.4763
2.39 1.4755
2.4 1.4744
2.41 1.4729
2.42 1.4711
2.43 1.4692
2.44 1.4673
2.45 1.4656
2.46 1.4641
2.47 1.463
2.48 1.4622
2.49 1.4618
2.5 1.4616
2.51 1.4617
2.52 1.4621
2.53 1.4627
2.54 1.4635
2.55 1.4643
2.56 1.4651
2.57 1.4657
2.58 1.4658
2.59 1.4651
2.6 1.4634
2.61 1.4605
2.62 1.4564
2.63 1.4511
2.64 1.4447
2.65 1.4375
2.66 1.4297
2.67 1.4219
2.68 1.4142
2.69 1.4071
2.7 1.4009
2.71 1.3959
2.72 1.392
2.73 1.3895
2.74 1.3883
2.75 1.3881
2.76 1.3887
2.77 1.3898
2.78 1.391
2.79 1.392
2.8 1.3925
2.81 1.3923
2.82 1.3913
2.83 1.3895
2.84 1.387
2.85 1.3841
2.86 1.381
2.87 1.3779
2.88 1.3752
2.89 1.373
2.9 1.3716
2.91 1.371
2.92 1.3714
2.93 1.3727
2.94 1.3748
2.95 1.3775
2.96 1.3807
2.97 1.3841
2.98 1.3874
2.99 1.3903
3 1.3926
3.01 1.3942
3.02 1.3947
3.03 1.394
3.04 1.3921
3.05 1.3889
3.06 1.3843
3.07 1.3783
3.08 1.371
3.09 1.3626
3.1 1.3534
3.11 1.3437
3.12 1.3339
3.13 1.3245
3.14 1.3159
3.15 1.3082
3.16 1.3019
3.17 1.2971
3.18 1.2938
3.19 1.2921
3.2 1.2917
3.21 1.2923
3.22 1.2936
3.23 1.2953
3.24 1.2973
3.25 1.2994
3.26 1.3017
3.27 1.3041
3.28 1.3066
3.29 1.3093
3.3 1.3122
3.31 1.3154
3.32 1.3189
3.33 1.3227
3.34 1.3269
3.35 1.3313
3.36 1.3362
3.37 1.3413
3.38 1.3468
3.39 1.3525
3.4 1.3585
3.41 1.3646
3.42 1.3709
3.43 1.3772
3.44 1.3834
3.45 1.3894
3.46 1.3949
3.47 1.3999
3.48 1.4042
3.49 1.4075
3.5 1.4098
3.51 1.4109
3.52 1.4107
3.53 1.4091
3.54 1.4061
3.55 1.4019
3.56 1.3967
3.57 1.3908
3.58 1.3845
3.59 1.3783
3.6 1.3724
3.61 1.3672
3.62 1.363
3.63 1.3599
3.64 1.358
3.65 1.3573
3.66 1.3577
3.67 1.3592
3.68 1.3614
3.69 1.3641
3.7 1.3669
3.71 1.3695
3.72 1.3715
3.73 1.3728
3.74 1.3734
3.75 1.3733
3.76 1.3728
3.77 1.3719
3.78 1.3709
3.79 1.3698
3.8 1.3689
3.81 1.3684
3.82 1.3682
3.83 1.3685
3.84 1.3695
3.85 1.3711
3.86 1.3734
3.87 1.3766
3.88 1.3807
3.89 1.3856
3.9 1.3912
3.91 1.3973
3.92 1.4036
3.93 1.4099
3.94 1.4157
3.95 1.4207
3.96 1.4247
3.97 1.4273
3.98 1.4284
3.99 1.428
4 1.4261
4.01 1.4231
4.02 1.4191
4.03 1.4145
4.04 1.4098
4.05 1.4052
4.06 1.401
4.07 1.3975
4.08 1.3949
4.09 1.3932
4.1 1.3925
4.11 1.3927
4.12 1.3935
4.13 1.3946
4.14 1.3957
4.15 1.3968
4.16 1.3975
4.17 1.3979
4.18 1.3982
4.19 1.3984
4.2 1.3986
4.21 1.3991
4.22 1.4
4.23 1.4013
4.24 1.4031
4.25 1.4055
4.26 1.4083
4.27 1.4116
4.28 1.4152
4.29 1.4191
4.3 1.4233
4.31 1.4276
4.32 1.4319
4.33 1.436
4.34 1.4399
4.35 1.4434
4.36 1.4462
4.37 1.4481
4.38 1.4489
4.39 1.4484
4.4 1.4465
4.41 1.4432
4.42 1.4387
4.43 1.4333
4.44 1.4273
4.45 1.4211
4.46 1.415
4.47 1.4096
4.48 1.405
4.49 1.4016
4.5 1.3995
4.51 1.3986
4.52 1.399
4.53 1.4004
4.54 1.4027
4.55 1.4055
4.56 1.4087
4.57 1.412
4.58 1.4151
4.59 1.4177
4.6 1.4198
4.61 1.421
4.62 1.4215
4.63 1.4213
4.64 1.4205
4.65 1.4192
4.66 1.4177
4.67 1.4162
4.68 1.4148
4.69 1.4136
4.7 1.4129
4.71 1.4126
4.72 1.4128
4.73 1.4137
4.74 1.4153
4.75 1.4177
4.76 1.4209
4.77 1.4249
4.78 1.4294
4.79 1.4344
4.8 1.4396
4.81 1.4447
4.82 1.4494
4.83 1.4533
4.84 1.4562
4.85 1.4578
4.86 1.4579
4.87 1.4565
4.88 1.4535
4.89 1.4493
4.9 1.4441
4.91 1.4382
4.92 1.4322
4.93 1.4263
4.94 1.421
4.95 1.4165
4.96 1.4129
4.97 1.4103
4.98 1.4088
4.99 1.4083
5 1.4087
5.01 1.4097
5.02 1.4112
5.03 1.4128
5.04 1.4144
5.05 1.4158
5.06 1.4169
5.07 1.4176
5.08 1.4181
5.09 1.4184
5.1 1.4186
5.11 1.4188
5.12 1.4191
5.13 1.4197
5.14 1.4205
5.15 1.4217
5.16 1.4232
5.17 1.4251
5.18 1.4274
5.19 1.43
5.2 1.433
5.21 1.4362
5.22 1.4396
5.23 1.4431
5.24 1.4467
5.25 1.4502
5.26 1.4537
5.27 1.4568
5.28 1.4592
5.29 1.4609
5.3 1.4615
5.31 1.4611
5.32 1.4596
5.33 1.4571
5.34 1.4539
5.35 1.4501
5.36 1.446
5.37 1.4419
5.38 1.438
5.39 1.4345
5.4 1.4317
5.41 1.4296
5.42 1.4283
5.43 1.4278
5.44 1.4278
5.45 1.4283
5.46 1.429
5.47 1.4298
5.48 1.4304
5.49 1.4307
5.5 1.4306
5.51 1.43
5.52 1.4288
5.53 1.4271
5.54 1.425
5.55 1.4225
5.56 1.4198
5.57 1.4168
5.58 1.4138
5.59 1.4106
5.6 1.4074
5.61 1.4042
5.62 1.4011
5.63 1.3981
5.64 1.3953
5.65 1.3928
5.66 1.3905
5.67 1.3885
5.68 1.3868
5.69 1.3854
5.7 1.3843
5.71 1.3835
5.72 1.3829
5.73 1.3826
5.74 1.3826
5.75 1.3829
5.76 1.3838
5.77 1.3851
5.78 1.3871
5.79 1.3896
5.8 1.3927
5.81 1.3964
5.82 1.4006
5.83 1.4054
5.84 1.4105
5.85 1.4161
5.86 1.422
5.87 1.4281
5.88 1.4344
5.89 1.4408
5.9 1.4471
5.91 1.4532
5.92 1.459
5.93 1.4644
5.94 1.4695
5.95 1.4741
5.96 1.4783
5.97 1.4821
5.98 1.4855
5.99 1.4886
6 1.4913
6.01 1.4937
6.02 1.4958
6.03 1.4976
6.04 1.4992
6.05 1.5004
6.06 1.5013
6.07 1.5018
6.08 1.502
6.09 1.5017
6.1 1.5011
6.11 1.5001
6.12 1.4986
6.13 1.4968
6.14 1.4946
6.15 1.4921
6.16 1.4892
6.17 1.4862
6.18 1.4828
6.19 1.4793
6.2 1.4755
6.21 1.4715
6.22 1.4673
6.23 1.4631
6.24 1.4588
6.25 1.4545
6.26 1.4502
6.27 1.446
6.28 1.4419
6.29 1.4379
6.3 1.434
6.31 1.4302
6.32 1.4264
6.33 1.4227
6.34 1.419
6.35 1.4153
6.36 1.4117
6.37 1.4081
6.38 1.4044
6.39 1.4009
6.4 1.3973
6.41 1.3939
6.42 1.3905
6.43 1.3873
6.44 1.3843
6.45 1.3816
6.46 1.3791
6.47 1.3769
6.48 1.375
6.49 1.3733
6.5 1.3718
6.51 1.3704
6.52 1.3692
6.53 1.368
6.54 1.3669
6.55 1.3658
6.56 1.3649
6.57 1.3641
6.58 1.3633
6.59 1.3627
6.6 1.3622
6.61 1.3619
6.62 1.3617
6.63 1.3616
6.64 1.3617
6.65 1.3618
6.66 1.362
6.67 1.3623
6.68 1.3626
6.69 1.3629
6.7 1.3633
6.71 1.3637
6.72 1.364
6.73 1.3644
6.74 1.3648
6.75 1.3652
6.76 1.3656
6.77 1.366
6.78 1.3665
6.79 1.3669
6.8 1.3673
6.81 1.3677
6.82 1.368
6.83 1.3683
6.84 1.3687
6.85 1.369
6.86 1.3692
6.87 1.3695
6.88 1.3697
